ax,ay,az,dpitch,droll,dyaw,heart,time_1,time_2,time_3,time_4,time_5,time_6,w,x,y,z
0.66,-0.645,0.106,-26.6,-37.3,-81.1,0,2018,4,25,20,34,15.051,-0.784,0.0056,0.5694,-0.247
0.507,-0.573,0.102,-23.6,-25.7,-94.5,0,2018,4,25,20,34,15.07,-0.7826,0.0199,0.567,-0.256
0.314,-0.607,0.104,-19.1,-22.1,-108.6,0,2018,4,25,20,34,15.075,-0.7799,0.0343,0.5646,-0.2675
0.172,-0.634,0.167,-16,-20.9,-123.2,0,2018,4,25,20,34,15.115,-0.776,0.0496,0.5624,-0.281
-0.027,-0.652,0.229,-14.9,-25.5,-139.1,0,2018,4,25,20,34,15.119,-0.7706,0.0662,0.5602,-0.2963
-0.139,-0.635,0.242,-12.4,-31.6,-153.2,0,2018,4,25,20,34,15.135,-0.7637,0.085,0.558,-0.3129
-0.155,-0.603,0.197,-6.7,-38.5,-168.2,0,2018,4,25,20,34,15.155,-0.755,0.1057,0.5561,-0.3307
-0.192,-0.68,0.166,2.9,-36.4,-184.9,0,2018,4,25,20,34,15.175,-0.7439,0.1279,0.5546,-0.3499
-0.351,-0.708,0.233,14.5,-16.3,-202.4,0,2018,4,25,20,34,15.212,-0.7301,0.1492,0.5529,-0.3726
-0.52,-0.664,0.307,15,13.6,-216.4,0,2018,4,25,20,34,15.232,-0.7143,0.1686,0.5489,-0.3999
-0.732,-0.716,0.347,10.4,53.5,-226.7,0,2018,4,25,20,34,15.236,-0.6979,0.1845,0.5413,-0.4309
-0.661,-0.51,0.27,0.3,79.5,-235.6,0,2018,4,25,20,34,15.271,-0.6818,0.1966,0.5292,-0.465
-0.733,-0.38,0.186,-6.8,56.5,-237.9,0,2018,4,25,20,34,15.293,-0.6647,0.2107,0.5146,-0.4988
-0.617,-0.131,0.088,-10.3,30.2,-240,0,2018,4,25,20,34,15.295,-0.6456,0.2279,0.5004,-0.5298
-0.57,-0.029,0.052,-11,2.8,-238.8,0,2018,4,25,20,34,15.331,-0.6244,0.2482,0.4876,-0.5572
-0.568,0.039,0.017,-8.6,-13.8,-238.6,0,2018,4,25,20,34,15.351,-0.6012,0.2702,0.4764,-0.5818
-0.553,0.123,-0.031,-5.3,-20.2,-232.2,1023,2018,4,25,20,34,15.354,-0.5764,0.2923,0.4659,-0.6042
-0.55,0.156,-0.073,-1.1,-8.2,-219.4,1023,2018,4,25,20,34,15.39,-0.5516,0.3126,0.4552,-0.6251
-0.545,0.169,-0.113,2.7,16.9,-203.2,1023,2018,4,25,20,34,15.41,-0.5283,0.3288,0.4427,-0.6454
-0.545,0.188,-0.142,4.8,43.7,-182.7,1023,2018,4,25,20,34,15.414,-0.5078,0.3402,0.4282,-0.6655
-0.539,0.25,-0.163,5.1,62.4,-157.2,1023,2018,4,25,20,34,15.451,-0.4907,0.3473,0.412,-0.6846
-0.516,0.303,-0.21,5.6,71.1,-129.4,1023,2018,4,25,20,34,15.47,-0.4772,0.351,0.3956,-0.7017
-0.479,0.36,-0.243,5.2,70,-101.1,1023,2018,4,25,20,34,15.477,-0.467,0.3522,0.3801,-0.7164
-0.43,0.419,-0.289,5.6,58.9,-73.8,1023,2018,4,25,20,34,15.495,-0.4597,0.3519,0.3671,-0.728
-0.382,0.467,-0.332,8.1,42.2,-47.5,0,2018,4,25,20,34,15.515,-0.4547,0.3508,0.3575,-0.7363
-0.342,0.497,-0.371,12.5,27.5,-22.3,0,2018,4,25,20,34,15.552,-0.4517,0.3489,0.3518,-0.7418
-0.306,0.536,-0.389,17.8,18.3,2.7,0,2018,4,25,20,34,15.572,-0.4509,0.3457,0.3496,-0.7448
-0.275,0.566,-0.412,23.4,13.3,29.5,0,2018,4,25,20,34,15.576,-0.4528,0.3407,0.3502,-0.7457
-0.259,0.555,-0.421,29.7,14.1,57.9,0,2018,4,25,20,34,15.593,-0.4577,0.3335,0.3532,-0.7445
-0.277,0.459,-0.386,35.7,24.9,85.5,0,2018,4,25,20,34,15.615,-0.4661,0.3232,0.3576,-0.7417
-0.328,0.33,-0.344,41.5,47.8,108.8,0,2018,4,25,20,34,15.653,-0.4784,0.3091,0.3616,-0.7381
-0.39,0.214,-0.302,48.2,72,127.4,0,2018,4,25,20,34,15.672,-0.4941,0.2905,0.3637,-0.7342
-0.391,0.266,-0.315,59.5,67.7,144.5,0,2018,4,25,20,34,15.676,-0.5115,0.2686,0.3658,-0.7295
-0.398,0.246,-0.31,74.8,44.4,163.4,0,2018,4,25,20,34,15.712,-0.5293,0.245,0.3717,-0.7221
-0.446,0.141,-0.192,89,11.3,176.5,0,2018,4,25,20,34,15.733,-0.5463,0.2208,0.383,-0.7112
-0.52,-0.086,0.002,95,-20.5,178.9,0,2018,4,25,20,34,15.74,-0.5618,0.1977,0.3992,-0.697
-0.513,-0.148,0.094,91.2,-46.9,175.5,0,2018,4,25,20,34,15.777,-0.5752,0.1773,0.4185,-0.6799
-0.521,-0.15,0.09,83.2,-60.8,173.3,0,2018,4,25,20,34,15.797,-0.5873,0.1597,0.4391,-0.6607
-0.535,-0.215,0.139,68.3,-59.6,174.6,0,2018,4,25,20,34,15.799,-0.5996,0.1437,0.4584,-0.6399
-0.474,-0.275,0.206,50,-55.6,175.5,0,2018,4,25,20,34,15.817,-0.6126,0.1292,0.4751,-0.6181
-0.42,-0.302,0.239,31,-49.6,181,0,2018,4,25,20,34,15.837,-0.6271,0.1155,0.4889,-0.5952
-0.369,-0.35,0.257,13.7,-38.7,191.8,0,2018,4,25,20,34,15.876,-0.6436,0.1014,0.4996,-0.5707
-0.318,-0.453,0.258,0,-22.9,202,0,2018,4,25,20,34,15.895,-0.6617,0.0867,0.5067,-0.5456
-0.21,-0.51,0.257,-8.8,-14.5,207.2,0,2018,4,25,20,34,15.897,-0.6807,0.0716,0.5106,-0.5202
-0.081,-0.573,0.292,-13.2,-32.3,204.8,0,2018,4,25,20,34,15.937,-0.6998,0.0569,0.5135,-0.4932
0.043,-0.609,0.281,-18.7,-51.9,193.9,0,2018,4,25,20,34,15.956,-0.7175,0.0455,0.5169,-0.4645
0.332,-0.665,0.172,-37.7,-84,147.8,1023,2018,4,25,20,34,15.958,-0.7479,0.037,0.523,-0.4069
0.468,-0.62,0.075,-44.5,-77,116.4,0,2018,4,25,20,34,15.993,-0.7602,0.0385,0.524,-0.3819
0.592,-0.511,-0.024,-47.1,-60.2,86.1,0,2018,4,25,20,34,16.013,-0.7705,0.0415,0.5229,-0.3619
0.659,-0.385,-0.106,-36.3,-10.9,0.3,0,2018,4,25,20,34,16.015,-0.789,0.0522,0.5125,-0.3345
0.575,-0.395,-0.094,-29.6,2,-22.5,0,2018,4,25,20,34,16.054,-0.7912,0.0557,0.508,-0.3355
0.463,-0.454,-0.067,-22,14.7,-43.2,0,2018,4,25,20,34,16.074,-0.7916,0.059,0.5036,-0.3407
0.318,-0.51,-0.005,-13.4,25.5,-61.6,0,2018,4,25,20,34,16.08,-0.7902,0.0618,0.4994,-0.3496
0.182,-0.538,0.038,-5.7,31.6,-81.9,0,2018,4,25,20,34,16.1,-0.7869,0.0646,0.4954,-0.362
0.123,-0.5,0.047,0.8,30,-103,0,2018,4,25,20,34,16.121,-0.7814,0.0685,0.492,-0.3774
0.06,-0.446,0.031,11.2,24.6,-122.1,0,2018,4,25,20,34,16.142,-0.7736,0.0741,0.4896,-0.3952
0.031,-0.36,0.017,25.1,24.7,-138.7,0,2018,4,25,20,34,16.162,-0.7631,0.0808,0.4885,-0.4151
0,-0.293,-0.003,41.1,32.4,-152.4,0,2018,4,25,20,34,16.202,-0.7498,0.087,0.4887,-0.4373
-0.041,-0.226,-0.023,58.7,47.8,-164.4,0,2018,4,25,20,34,16.222,-0.7336,0.0915,0.4897,-0.462
-0.063,-0.121,-0.047,75.5,68.7,-173,0,2018,4,25,20,34,16.227,-0.7145,0.0932,0.4909,-0.4895
-0.099,-0.067,-0.053,90.6,92.2,-177.2,0,2018,4,25,20,34,16.239,-0.6928,0.091,0.4921,-0.5191
-0.08,-0.002,-0.089,102.5,118.6,-178.8,0,2018,4,25,20,34,16.274,-0.6691,0.0844,0.4918,-0.5505
-0.068,0.026,-0.115,112.4,142.5,-177.4,0,2018,4,25,20,34,16.296,-0.644,0.0738,0.4889,-0.5836
-0.055,0.091,-0.153,121,162.5,-171.8,0,2018,4,25,20,34,16.299,-0.6175,0.0595,0.4836,-0.6173
-0.036,0.134,-0.201,128.3,174.5,-162.6,0,2018,4,25,20,34,16.335,-0.59,0.0417,0.4764,-0.6504
0.014,0.166,-0.246,135.5,176.4,-150.7,0,2018,4,25,20,34,16.355,-0.5619,0.0215,0.4683,-0.6814
0.065,0.175,-0.277,143.9,171.1,-135.5,0,2018,4,25,20,34,16.359,-0.5335,-0.0005,0.4602,-0.7095
0.098,0.132,-0.281,152.4,166.2,-118.5,0,2018,4,25,20,34,16.396,-0.5053,-0.0244,0.4527,-0.7342
0.139,0.13,-0.323,162.6,163.5,-101.1,0,2018,4,25,20,34,16.416,-0.4776,-0.0505,0.4455,-0.7554
0.15,0.064,-0.321,171.4,160.1,-87.3,0,2018,4,25,20,34,16.423,-0.4503,-0.0788,0.4386,-0.7736
0.072,-0.227,-0.195,175.3,168.3,-81.9,0,2018,4,25,20,34,16.438,-0.423,-0.1087,0.4309,-0.7895
0.021,-0.397,-0.108,173.9,181.8,-86.5,0,2018,4,25,20,34,16.476,-0.3945,-0.1394,0.4208,-0.8048
0.004,-0.439,-0.101,167.1,185,-94.7,0,2018,4,25,20,34,16.498,-0.3642,-0.1692,0.4083,-0.8197
-0.032,-0.481,-0.102,160.4,165.8,-103.7,0,2018,4,25,20,34,16.502,-0.3327,-0.1967,0.3959,-0.8329
-0.071,-0.517,-0.086,152.9,127.3,-110,0,2018,4,25,20,34,16.539,-0.301,-0.2204,0.387,-0.8431
-0.049,-0.535,-0.145,146.1,87.5,-117.1,0,2018,4,25,20,34,16.559,-0.2699,-0.2401,0.3835,-0.8499
0.025,-0.491,-0.266,142.4,65.3,-126.4,0,2018,4,25,20,34,16.563,-0.2389,-0.2566,0.3841,-0.854
0.111,-0.423,-0.332,142,62.7,-134.6,0,2018,4,25,20,34,16.601,-0.207,-0.2715,0.3863,-0.8568
0.158,-0.402,-0.374,141.8,81.5,-138.9,0,2018,4,25,20,34,16.621,-0.1734,-0.2858,0.3871,-0.8592
0.159,-0.358,-0.384,138.4,110.9,-142.6,0,2018,4,25,20,34,16.625,-0.1378,-0.3001,0.3835,-0.8624
0.153,-0.364,-0.375,131.1,132.3,-146.6,0,2018,4,25,20,34,16.645,-0.1004,-0.3134,0.3755,-0.8663
0.135,-0.405,-0.347,122.1,141.5,-148.9,0,2018,4,25,20,34,16.663,-0.062,-0.325,0.3646,-0.8703
0.101,-0.454,-0.294,111.8,142.6,-148.8,0,2018,4,25,20,34,16.683,-0.0238,-0.3345,0.3523,-0.8736
0.025,-0.501,-0.227,98.7,132.8,-149.1,0,2018,4,25,20,34,16.702,0.0134,-0.3418,0.34,-0.8759
-0.047,-0.552,-0.181,81.3,116.1,-151.6,0,2018,4,25,20,34,16.74,0.0491,-0.3461,0.3296,-0.8769
-0.082,-0.587,-0.157,61.9,100.1,-158.2,0,2018,4,25,20,34,16.762,0.0833,-0.347,0.3217,-0.8769
-0.055,-0.528,-0.152,44.4,87.8,-167.3,1023,2018,4,25,20,34,16.766,0.1168,-0.3444,0.3163,-0.8761
-0.025,-0.455,-0.166,30.6,80.3,-175.3,1023,2018,4,25,20,34,16.784,0.15,-0.3386,0.313,-0.8745
-0.051,-0.438,-0.175,17.9,81.7,-179.6,1023,2018,4,25,20,34,16.823,0.1832,-0.3303,0.3105,-0.8723
-0.113,-0.45,-0.204,4.4,92.4,-179.1,1023,2018,4,25,20,34,16.841,0.216,-0.3192,0.3071,-0.8701
-0.213,-0.456,-0.216,-8.6,106.1,-178.3,0,2018,4,25,20,34,16.846,0.2484,-0.3053,0.3018,-0.8682
-0.254,-0.369,-0.239,-21.4,105.8,-180,0,2018,4,25,20,34,16.881,0.2803,-0.2887,0.2955,-0.8664
-0.261,-0.321,-0.275,-30.4,89.7,-181.4,0,2018,4,25,20,34,16.901,0.311,-0.2703,0.2909,-0.8634
-0.253,-0.315,-0.315,-34.8,66.1,-182.8,0,2018,4,25,20,34,16.906,0.3402,-0.2517,0.2893,-0.8585
-0.26,-0.337,-0.343,-34.5,37.1,-183.5,0,2018,4,25,20,34,16.923,0.368,-0.234,0.2917,-0.8512
-0.29,-0.347,-0.342,-30.6,11.7,-180.8,0,2018,4,25,20,34,16.964,0.3942,-0.2183,0.2976,-0.8416
-0.328,-0.349,-0.35,-27.4,-6.6,-177.9,0,2018,4,25,20,34,16.984,0.4189,-0.2045,0.306,-0.83
-0.326,-0.284,-0.381,-25.4,-15.1,-171.9,0,2018,4,25,20,34,16.988,0.4422,-0.1921,0.3157,-0.8171
-0.319,-0.213,-0.401,-23.7,-14.1,-163.2,0,2018,4,25,20,34,17.004,0.464,-0.1805,0.3253,-0.8038
-0.33,-0.186,-0.402,-22.6,-6.4,-154.6,0,2018,4,25,20,34,17.042,0.4844,-0.169,0.3335,-0.7908
-0.329,-0.107,-0.41,-21.4,1.7,-144.4,0,2018,4,25,20,34,17.064,0.5035,-0.1573,0.3399,-0.7785
-0.325,-0.04,-0.419,-20.2,4,-132.1,0,2018,4,25,20,34,17.068,0.521,-0.146,0.345,-0.7669
-0.333,-0.01,-0.413,-17.6,-0.5,-120.2,0,2018,4,25,20,34,17.086,0.5366,-0.1356,0.3495,-0.7559
-0.343,0.002,-0.414,-13.4,-7.6,-106.9,0,2018,4,25,20,34,17.107,0.5503,-0.127,0.3542,-0.7452
-0.345,0.049,-0.423,-5.3,-18.9,-94.9,0,2018,4,25,20,34,17.123,0.5625,-0.1208,0.3589,-0.7348
-0.319,0.106,-0.433,7.3,-36.1,-78.7,0,2018,4,25,20,34,17.162,0.573,-0.1181,0.3642,-0.7245
-0.311,0.13,-0.41,23.6,-58.1,-61.2,0,2018,4,25,20,34,17.183,0.5818,-0.1204,0.37,-0.7141
-0.296,0.148,-0.385,41.9,-81.5,-43.5,0,2018,4,25,20,34,17.188,0.5889,-0.1283,0.3764,-0.7035
-0.288,0.203,-0.357,61.6,-108.6,-21.8,0,2018,4,25,20,34,17.207,0.5941,-0.1424,0.3834,-0.6926
-0.32,0.221,-0.308,79.8,-130.2,4.6,0,2018,4,25,20,34,17.246,0.5966,-0.163,0.3907,-0.6816
-0.438,0.212,-0.217,94.2,-136.9,30.5,0,2018,4,25,20,34,17.264,0.5964,-0.1886,0.3968,-0.6717
-0.56,0.231,-0.143,104.8,-146.3,54.6,0,2018,4,25,20,34,17.269,0.5933,-0.218,0.4013,-0.6627
-0.571,0.179,0,110,-146,81.5,0,2018,4,25,20,34,17.305,0.5869,-0.2505,0.4043,-0.655
-0.563,0.124,0.166,110.7,-129.6,106.9,0,2018,4,25,20,34,17.326,0.5775,-0.2839,0.4044,-0.6498
-0.544,0.063,0.287,105,-114,126.9,0,2018,4,25,20,34,17.328,0.5654,-0.3165,0.4012,-0.6474
-0.538,0.061,0.356,98.9,-100.6,142.6,0,2018,4,25,20,34,17.346,0.5509,-0.3479,0.3954,-0.6473
-0.486,-0.038,0.438,89.5,-85.6,148.9,0,2018,4,25,20,34,17.365,0.5348,-0.3774,0.3877,-0.6488
-0.456,-0.135,0.509,78.1,-61.4,148.3,0,2018,4,25,20,34,17.385,0.5185,-0.4036,0.3783,-0.6519
-0.441,-0.227,0.534,65.3,-27.9,143.9,0,2018,4,25,20,34,17.425,0.5032,-0.4253,0.3664,-0.6568
-0.374,-0.24,0.509,52.6,3.9,139.2,0,2018,4,25,20,34,17.445,0.4898,-0.4418,0.3517,-0.664
-0.244,-0.21,0.473,43.7,20.8,134.7,0,2018,4,25,20,34,17.449,0.478,-0.4544,0.3352,-0.6727
-0.141,-0.185,0.464,38.1,15.4,128.7,1023,2018,4,25,20,34,17.467,0.4662,-0.4651,0.319,-0.6814
-0.002,-0.108,0.425,34.3,-6.1,122.7,1023,2018,4,25,20,34,17.506,0.4536,-0.4758,0.3052,-0.6888
0.074,-0.101,0.331,32.9,-23.4,114.6,1023,2018,4,25,20,34,17.526,0.4397,-0.4873,0.2946,-0.6944
0.151,-0.129,0.267,33.1,-27.6,105.7,1023,2018,4,25,20,34,17.53,0.4256,-0.4988,0.2859,-0.6986
0.201,-0.132,0.232,32.8,-17.4,96.9,1023,2018,4,25,20,34,17.568,0.4129,-0.5095,0.2775,-0.702
0.284,-0.109,0.188,32.3,2.1,88.4,1023,2018,4,25,20,34,17.59,0.4024,-0.5185,0.2678,-0.7052
0.366,-0.128,0.153,30.2,18.3,78.1,1023,2018,4,25,20,34,17.594,0.3945,-0.5254,0.2567,-0.7087
0.434,-0.154,0.114,27,31.8,65.3,0,2018,4,25,20,34,17.609,0.3893,-0.5303,0.2449,-0.7121
0.493,-0.165,0.105,22.8,38,49.1,0,2018,4,25,20,34,17.647,0.3866,-0.5334,0.2334,-0.7151
0.539,-0.169,0.091,19.2,41.7,33.3,0,2018,4,25,20,34,17.668,0.386,-0.5349,0.2233,-0.7175
0.589,-0.154,0.037,15.1,47.4,17.1,0,2018,4,25,20,34,17.672,0.3877,-0.535,0.2141,-0.7193
0.583,-0.213,0.035,6.9,52.5,0.9,0,2018,4,25,20,34,17.69,0.3916,-0.5334,0.2064,-0.7207
0.538,-0.32,0.071,-5.4,72.1,-18.9,0,2018,4,25,20,34,17.71,0.3985,-0.5289,0.1994,-0.7221
0.488,-0.335,0.113,-22.9,95.3,-39.4,0,2018,4,25,20,34,17.747,0.4096,-0.5201,0.1924,-0.7242
0.49,-0.277,0.109,-42.1,103.6,-56,0,2018,4,25,20,34,17.768,0.4237,-0.507,0.1865,-0.727
0.496,-0.199,0.113,-59,100,-66.9,0,2018,4,25,20,34,17.772,0.4389,-0.4907,0.1826,-0.7301
0.429,-0.159,0.123,-74.2,88.1,-73.5,0,2018,4,25,20,34,17.789,0.4538,-0.4725,0.1817,-0.7332
0.373,-0.148,0.133,-91.6,76,-74.7,0,2018,4,25,20,34,17.81,0.4672,-0.453,0.184,-0.7365
0.278,-0.162,0.089,-105.4,68.8,-73.9,0,2018,4,25,20,34,17.828,0.4791,-0.4319,0.1888,-0.7404
0.162,-0.081,0.037,-113.1,68.9,-69.9,0,2018,4,25,20,34,17.848,0.4898,-0.4094,0.1945,-0.7446
0.054,-0.033,-0.02,-112.4,65.4,-64.2,0,2018,4,25,20,34,17.889,0.4995,-0.3863,0.2006,-0.7489
-0.094,-0.074,0.023,-102.4,63.9,-58.2,0,2018,4,25,20,34,17.909,0.5077,-0.3646,0.2059,-0.7528
-0.318,-0.216,0.124,-85.6,83.3,-57.7,0,2018,4,25,20,34,17.913,0.5162,-0.344,0.208,-0.7561
-0.427,-0.234,0.293,-67.3,93.7,-59.6,0,2018,4,25,20,34,17.951,0.5263,-0.3237,0.2065,-0.7586
-0.469,-0.099,0.434,-54.5,69.5,-69.8,0,2018,4,25,20,34,17.969,0.5374,-0.3056,0.2043,-0.7589
-0.422,-0.042,0.457,-54,17.3,-84.3,0,2018,4,25,20,34,17.973,0.5478,-0.2918,0.2077,-0.7559
-0.313,0.065,0.3,-57.1,-37.2,-108.8,1023,2018,4,25,20,34,17.992,0.5579,-0.282,0.2195,-0.7489
-0.227,0.215,0.059,-51.1,-76.5,-130.7,1023,2018,4,25,20,34,18.012,0.5685,-0.2759,0.2386,-0.7373
-0.205,0.251,-0.089,-37.4,-92.4,-141.5,1023,2018,4,25,20,34,18.03,0.5799,-0.2729,0.2606,-0.7219
-0.188,0.144,-0.113,-19.7,-83.4,-146.1,1023,2018,4,25,20,34,18.051,0.5922,-0.2717,0.2816,-0.7042
-0.215,0.051,-0.025,-3.6,-59.6,-144.6,1023,2018,4,25,20,34,18.071,0.606,-0.2703,0.2982,-0.6859
-0.25,0.029,0.063,7.9,-50.6,-136.7,0,2018,4,25,20,34,18.108,0.6203,-0.2689,0.3108,-0.6679
-0.257,-0.003,0.092,15.1,-49.1,-126,0,2018,4,25,20,34,18.128,0.6338,-0.2685,0.3215,-0.6502
-0.254,-0.009,0.053,20.8,-37.9,-114.4,0,2018,4,25,20,34,18.132,0.6462,-0.2686,0.33,-0.6334
-0.278,-0.03,0.008,24.2,-17.5,-103.3,0,2018,4,25,20,34,18.152,0.658,-0.2679,0.3356,-0.6184
-0.32,-0.064,-0.006,23,6.7,-93.9,0,2018,4,25,20,34,18.173,0.6697,-0.2653,0.3379,-0.6056
-0.342,-0.097,0.02,18.9,24.9,-88,0,2018,4,25,20,34,18.192,0.6812,-0.2601,0.3377,-0.595
-0.316,-0.076,0.022,14.7,18.9,-83.2,0,2018,4,25,20,34,18.212,0.6921,-0.2539,0.3371,-0.5854
-0.278,-0.006,-0.019,10.6,-6,-75.2,0,2018,4,25,20,34,18.233,0.7012,-0.2496,0.3384,-0.5756
-0.255,0.066,-0.07,6.5,-32.9,-64.7,0,2018,4,25,20,34,18.25,0.7078,-0.2489,0.3424,-0.5654
-0.258,0.101,-0.129,1.4,-48.2,-53.7,0,2018,4,25,20,34,18.27,0.7119,-0.251,0.3486,-0.5554
-0.228,0.051,-0.104,-7.4,-48.4,-44.2,0,2018,4,25,20,34,18.308,0.7142,-0.2538,0.3558,-0.5465
-0.133,0.024,-0.069,-19.2,-44.2,-37.2,0,2018,4,25,20,34,18.328,0.7151,-0.2558,0.3637,-0.5391
-0.049,0.087,-0.098,-31.7,-38.8,-28.4,0,2018,4,25,20,34,18.331,0.7145,-0.257,0.3721,-0.5337
0.002,0.138,-0.154,-41.3,-33.2,-17.5,0,2018,4,25,20,34,18.368,0.7125,-0.2565,0.3817,-0.5299
-0.006,0.143,-0.164,-47.8,-23.8,-4.7,0,2018,4,25,20,34,18.388,0.7091,-0.255,0.3912,-0.5282
-0.033,0.15,-0.149,-51.4,-9.8,7.6,0,2018,4,25,20,34,18.392,0.7046,-0.2525,0.3995,-0.5291
-0.075,0.17,-0.137,-53.5,6.9,21.4,0,2018,4,25,20,34,18.43,0.6994,-0.2488,0.4058,-0.5329
-0.11,0.19,-0.101,-55.2,21.8,36.3,0,2018,4,25,20,34,18.452,0.6934,-0.2441,0.4096,-0.54
-0.187,0.149,-0.026,-59.3,38,51.5,0,2018,4,25,20,34,18.455,0.6864,-0.2383,0.4114,-0.5501
-0.232,0.159,-0.015,-65.4,52.3,65.5,0,2018,4,25,20,34,18.471,0.6781,-0.231,0.412,-0.563
-0.243,0.214,-0.042,-69.2,59.5,80.5,0,2018,4,25,20,34,18.511,0.6682,-0.2228,0.4114,-0.5783
-0.257,0.279,-0.065,-68.7,52.9,97.4,0,2018,4,25,20,34,18.53,0.6563,-0.2155,0.4101,-0.5954
-0.288,0.291,-0.043,-66.1,34.8,115,0,2018,4,25,20,34,18.534,0.6418,-0.211,0.4091,-0.6132
-0.341,0.217,0.011,-66,18.5,131.5,1023,2018,4,25,20,34,18.554,0.6246,-0.2099,0.4091,-0.6311
-0.411,0.125,0.035,-70.4,15.3,148.3,1023,2018,4,25,20,34,18.59,0.6046,-0.2106,0.4095,-0.6498
-0.446,0.089,-0.009,-76.8,20.1,165.7,1023,2018,4,25,20,34,18.612,0.5819,-0.2116,0.4092,-0.6701
-0.463,0.006,-0.007,-82.9,21.5,183.3,1023,2018,4,25,20,34,18.616,0.5561,-0.2124,0.4082,-0.6919
-0.471,-0.129,0.057,-88.2,16.6,209.4,1023,2018,4,25,20,34,18.655,0.5267,-0.214,0.4067,-0.715
-0.554,-0.312,0.101,-92,13.2,248.6,1023,2018,4,25,20,34,18.675,0.4917,-0.2175,0.4043,-0.7398
-0.662,-0.469,0.137,-95.6,8.7,274.4,0,2018,4,25,20,34,18.679,0.4507,-0.2227,0.4002,-0.7661
-0.653,-0.358,0.101,-102,-20.1,276.7,0,2018,4,25,20,34,18.715,0.406,-0.2289,0.3973,-0.7904
-0.572,-0.236,0.049,-112.9,-63.8,263.2,0,2018,4,25,20,34,18.719,0.3589,-0.2355,0.3995,-0.8099
-0.434,-0.163,-0.039,-126.5,-98.8,243,0,2018,4,25,20,34,18.735,0.3109,-0.241,0.408,-0.8238
-0.297,-0.105,-0.114,-137.7,-115.4,222.5,0,2018,4,25,20,34,18.771,0.263,-0.244,0.4205,-0.8332
-0.195,-0.056,-0.193,-145.9,-117.9,204.9,0,2018,4,25,20,34,18.792,0.2163,-0.2441,0.4346,-0.8394
-0.122,-0.07,-0.246,-152.7,-102.1,194.1,0,2018,4,25,20,34,18.796,0.1708,-0.2412,0.4476,-0.8439
-0.11,-0.148,-0.256,-158.8,-64.2,187.7,0,2018,4,25,20,34,18.833,0.1268,-0.2354,0.4561,-0.8487
-0.119,-0.242,-0.217,-164.9,-17.4,185,0,2018,4,25,20,34,18.853,0.0846,-0.2269,0.4574,-0.8555
-0.142,-0.337,-0.168,-170.8,24.3,182.7,0,2018,4,25,20,34,18.857,0.0438,-0.2162,0.4514,-0.8645
-0.14,-0.364,-0.153,-173,53.5,179.1,0,2018,4,25,20,34,18.879,0.0044,-0.2039,0.4392,-0.8749
-0.092,-0.26,-0.174,-166.4,47.5,174.1,0,2018,4,25,20,34,18.896,-0.0335,-0.1912,0.4243,-0.8844
-0.053,-0.168,-0.152,-156.6,2,167.9,0,2018,4,25,20,34,18.936,-0.071,-0.1789,0.4133,-0.8899
-0.039,-0.108,-0.15,-147.3,-59.4,161.2,0,2018,4,25,20,34,18.94,-0.1083,-0.1666,0.4107,-0.8898
0,-0.094,-0.202,-139.6,-104.8,154.2,0,2018,4,25,20,34,18.955,-0.1454,-0.1538,0.4164,-0.8841
0.033,-0.067,-0.247,-129.6,-122,148.3,0,2018,4,25,20,34,18.976,-0.1815,-0.141,0.4264,-0.8748
0.02,-0.037,-0.269,-116.5,-115.2,144,0,2018,4,25,20,34,18.995,-0.2157,-0.1292,0.4369,-0.8635
-0.008,0.01,-0.254,-104,-98.5,141.7,0,2018,4,25,20,34,19.018,-0.2478,-0.1194,0.4454,-0.8519
-0.042,0.016,-0.212,-94,-85.1,143,0,2018,4,25,20,34,19.037,-0.2785,-0.1117,0.4512,-0.8404
-0.064,0,-0.157,-87.9,-74.5,147.5,0,2018,4,25,20,34,19.074,-0.3086,-0.1057,0.4551,-0.8284
-0.019,0.026,-0.147,-84.1,-70,154.1,0,2018,4,25,20,34,19.094,-0.3386,-0.1011,0.4575,-0.8159
-0.024,-0.007,-0.147,-80.7,-73.9,162.1,0,2018,4,25,20,34,19.098,-0.369,-0.0978,0.4601,-0.8015
-0.067,-0.108,-0.18,-74.2,-80.9,165,1023,2018,4,25,20,34,19.136,-0.3995,-0.0947,0.4625,-0.7857
-0.031,-0.164,-0.139,-68.4,-97.4,163.7,1023,2018,4,25,20,34,19.156,-0.4293,-0.0918,0.4664,-0.7678
0.008,-0.281,-0.046,-67.3,-123.7,156.3,1023,2018,4,25,20,34,19.161,-0.4581,-0.0872,0.4731,-0.7474
0.138,-0.33,-0.041,-71.3,-139.8,144.3,1023,2018,4,25,20,34,19.176,-0.4852,-0.0796,0.4823,-0.7249
0.315,-0.303,-0.088,-76.5,-144.6,132.4,1023,2018,4,25,20,34,19.214,-0.5107,-0.0694,0.4916,-0.7018
0.461,-0.32,-0.096,-81.6,-141.3,119.2,0,2018,4,25,20,34,19.232,-0.5344,-0.0574,0.5002,-0.6788
0.587,-0.332,-0.094,-84.5,-124.3,106.1,0,2018,4,25,20,34,19.237,-0.556,-0.045,0.5068,-0.6571
0.678,-0.335,-0.053,-86.5,-104,91.5,0,2018,4,25,20,34,19.276,-0.5757,-0.0325,0.5102,-0.638
0.758,-0.296,-0.044,-87.9,-93.2,76.1,0,2018,4,25,20,34,19.296,-0.5932,-0.0202,0.5115,-0.6212
0.824,-0.322,-0.022,-85.7,-90.7,64.3,0,2018,4,25,20,34,19.301,-0.6088,-0.0073,0.5118,-0.606
0.704,-0.534,0.1,-82.2,-80.1,48.3,0,2018,4,25,20,34,19.316,-0.6223,0.0056,0.5117,-0.5922
0.521,-0.649,0.178,-82.5,-68.3,21.4,0,2018,4,25,20,34,19.338,-0.6331,0.0191,0.5103,-0.5817
0.444,-0.614,0.205,-84.3,-66.2,-9.1,0,2018,4,25,20,34,19.374,-0.6408,0.0345,0.5076,-0.5748
0.436,-0.51,0.185,-83.9,-72.1,-41.3,0,2018,4,25,20,34,19.395,-0.6451,0.0533,0.5047,-0.571
0.454,-0.349,0.135,-77.7,-83.4,-67.4,0,2018,4,25,20,34,19.398,-0.6459,0.0751,0.5026,-0.5696
0.455,-0.229,0.081,-64.8,-88.8,-84.6,0,2018,4,25,20,34,19.436,-0.6431,0.0987,0.5021,-0.5695
0.425,-0.151,0.047,-49.8,-82.9,-98.2,0,2018,4,25,20,34,19.455,-0.6373,0.1221,0.5027,-0.571
0.364,-0.129,0.05,-34.3,-60.7,-110.7,0,2018,4,25,20,34,19.458,-0.6288,0.1436,0.5029,-0.5753
0.294,-0.145,0.086,-20.7,-23.4,-122.6,0,2018,4,25,20,34,19.496,-0.6182,0.1611,0.501,-0.5837
0.211,-0.147,0.091,-9.3,11,-132.5,0,2018,4,25,20,34,19.517,-0.6062,0.1747,0.496,-0.5965
0.118,-0.153,0.094,0.5,42.3,-137.9,0,2018,4,25,20,34,19.52,-0.5931,0.1841,0.4882,-0.613
0.013,-0.256,0.155,7.1,69.1,-143.8,0,2018,4,25,20,34,19.556,-0.5792,0.1903,0.4774,-0.6327
-0.078,-0.276,0.187,9.1,90.9,-147.4,0,2018,4,25,20,34,19.578,-0.5647,0.1934,0.464,-0.6544
-0.155,-0.261,0.182,6.1,108.3,-148.9,0,2018,4,25,20,34,19.582,-0.5504,0.1942,0.4481,-0.6771
-0.204,-0.165,0.155,0,109.5,-146.3,0,2018,4,25,20,34,19.6,-0.5366,0.194,0.4302,-0.6994
-0.202,-0.076,0.116,-6,90.7,-139.9,1023,2018,4,25,20,34,19.621,-0.5226,0.1957,0.4124,-0.72
-0.188,0.005,0.062,-9.1,64.4,-129.8,1023,2018,4,25,20,34,19.639,-0.5087,0.1996,0.397,-0.7373
-0.172,0.064,0,-10.4,43.4,-116.2,1023,2018,4,25,20,34,19.677,-0.4954,0.2048,0.3847,-0.7513
-0.173,0.099,-0.06,-11.3,33.7,-101.1,1023,2018,4,25,20,34,19.697,-0.4832,0.2105,0.3746,-0.7627
-0.19,0.124,-0.1,-12.4,31.1,-86,1023,2018,4,25,20,34,19.701,-0.4728,0.2157,0.3655,-0.7721
-0.188,0.165,-0.143,-14,25.9,-70.5,1023,2018,4,25,20,34,19.74,-0.4644,0.2205,0.3571,-0.7798
-0.182,0.199,-0.17,-14.7,19.1,-53.7,1023,2018,4,25,20,34,19.76,-0.4579,0.2248,0.3501,-0.7856
-0.179,0.216,-0.191,-14.8,13.7,-36.3,1023,2018,4,25,20,34,19.764,-0.4534,0.2285,0.3446,-0.7895
-0.166,0.245,-0.208,-14.2,10.9,-18.3,1023,2018,4,25,20,34,19.784,-0.4511,0.2315,0.3404,-0.7917
-0.165,0.258,-0.227,-13.5,9.5,0.3,1023,2018,4,25,20,34,19.804,-0.4512,0.2332,0.3374,-0.7925
-0.15,0.265,-0.234,-12.9,9.2,19.9,0,2018,4,25,20,34,19.824,-0.454,0.2339,0.3353,-0.7916
-0.14,0.241,-0.224,-10.9,9.8,40.3,0,2018,4,25,20,34,19.844,-0.4594,0.2331,0.334,-0.7893
-0.16,0.203,-0.169,-9.6,11.3,63.8,0,2018,4,25,20,34,19.864,-0.4676,0.2307,0.3338,-0.7852
-0.217,0.089,-0.099,-10.5,14.1,85.6,0,2018,4,25,20,34,19.884,-0.4791,0.2267,0.334,-0.7793
-0.235,0.021,-0.103,-13.1,12.8,104.3,0,2018,4,25,20,34,19.903,-0.4932,0.2216,0.335,-0.7715
-0.254,-0.034,-0.043,-13.8,9.5,124.4,0,2018,4,25,20,34,19.923,-0.5099,0.2158,0.3363,-0.7617
-0.291,-0.125,0.058,-16.2,-4.7,150.5,0,2018,4,25,20,34,19.944,-0.529,0.2097,0.3396,-0.7488
-0.286,-0.157,0.055,-19.3,-19.3,177.9,0,2018,4,25,20,34,19.964,-0.5512,0.2036,0.345,-0.7318
-0.269,-0.182,0.065,-22,-37.1,197.6,0,2018,4,25,20,34,19.983,-0.5753,0.1977,0.353,-0.7107
-0.262,-0.263,0.14,-28,-41.6,204.6,0,2018,4,25,20,34,20.003,-0.6003,0.1927,0.362,-0.6865
-0.132,-0.23,0.146,-37.4,-32.4,199.5,0,2018,4,25,20,34,20.04,-0.6252,0.1876,0.3699,-0.6611
-0.006,-0.116,0.081,-48.1,-24.6,185.5,0,2018,4,25,20,34,20.061,-0.6489,0.183,0.3747,-0.6363
0.108,0.012,-0.019,-56.2,-27,168.1,0,2018,4,25,20,34,20.089,-0.6707,0.1805,0.3768,-0.6128
0.177,0.03,-0.077,-59.1,-25.5,151.1,0,2018,4,25,20,34,20.107,-0.6903,0.1798,0.3774,-0.5904
0.184,-0.021,-0.046,-60.1,-8.2,136.3,0,2018,4,25,20,34,20.109,-0.7081,0.1788,0.3764,-0.5698
0.166,-0.126,0.017,-62.3,25.8,125,0,2018,4,25,20,34,20.121,-0.7252,0.1752,0.3718,-0.5522
0.139,-0.219,0.06,-66,64.3,117.4,0,2018,4,25,20,34,20.14,-0.7422,0.1679,0.3627,-0.5378
0.12,-0.249,0.067,-65.1,93.4,115,0,2018,4,25,20,34,20.161,-0.7594,0.1565,0.3496,-0.5258
0.083,-0.231,0.05,-57.4,105.3,114.6,1023,2018,4,25,20,34,20.195,-0.7762,0.1419,0.335,-0.5148
0.061,-0.183,0.051,-49,92,112.9,1023,2018,4,25,20,34,20.214,-0.7917,0.1266,0.3214,-0.5037
0.094,-0.078,0.042,-41.8,51,106.9,1023,2018,4,25,20,34,20.222,-0.8053,0.1145,0.311,-0.4914
0.146,-0.028,0.018,-37.7,-9.3,98.2,1023,2018,4,25,20,34,20.257,-0.8165,0.1094,0.3057,-0.4772
0.21,-0.069,-0.03,-35.2,-63.2,87.6,1023,2018,4,25,20,34,20.278,-0.8253,0.1134,0.3054,-0.461
0.281,-0.11,-0.081,-29.6,-92.1,76,1023,2018,4,25,20,34,20.283,-0.8319,0.1234,0.3087,-0.4442
0.334,-0.138,-0.118,-23.2,-105.1,64,1023,2018,4,25,20,34,20.321,-0.8364,0.1365,0.3139,-0.428
0.369,-0.145,-0.138,-16.7,-106.1,52,0,2018,4,25,20,34,20.339,-0.839,0.1505,0.3202,-0.4131
0.402,-0.165,-0.15,-10.4,-92.2,40.4,0,2018,4,25,20,34,20.346,-0.8403,0.1636,0.3265,-0.4004
0.405,-0.181,-0.161,-3,-65.4,27.6,0,2018,4,25,20,34,20.361,-0.8407,0.1738,0.3319,-0.3906
0.393,-0.195,-0.156,5.1,-33.7,14.7,0,2018,4,25,20,34,20.38,-0.8406,0.1799,0.336,-0.3847
0.388,-0.186,-0.128,13.8,-6.2,1,0,2018,4,25,20,34,20.417,-0.8399,0.1818,0.3388,-0.3828
0.378,-0.177,-0.076,22.8,7.4,-12.8,0,2018,4,25,20,34,20.438,-0.8385,0.181,0.341,-0.3843
0.352,-0.189,-0.025,30.9,10.5,-28.5,0,2018,4,25,20,34,20.442,-0.8358,0.1791,0.3435,-0.3888
0.339,-0.187,0.016,40.6,3.1,-44.7,0,2018,4,25,20,34,20.477,-0.8313,0.1782,0.3469,-0.3957
0.308,-0.282,0.085,50.1,-1.3,-62.1,0,2018,4,25,20,34,20.496,-0.8248,0.1784,0.3519,-0.4048
0.289,-0.417,0.201,58.9,9.9,-82.8,0,2018,4,25,20,34,20.505,-0.8163,0.1788,0.3571,-0.4172
0.204,-0.624,0.368,68.6,35.9,-101.6,0,2018,4,25,20,34,20.538,-0.8061,0.1771,0.3615,-0.4336
0.046,-0.709,0.457,76.6,84.2,-118.5,0,2018,4,25,20,34,20.559,-0.7947,0.1701,0.3636,-0.4551
-0.102,-0.607,0.453,75.7,122.3,-138,0,2018,4,25,20,34,20.56,-0.7824,0.1574,0.3617,-0.4817
-0.153,-0.399,0.337,66.1,126.8,-159.7,0,2018,4,25,20,34,20.593,-0.7682,0.1437,0.3563,-0.5119
-0.089,-0.15,0.134,56.5,98.4,-178.6,0,2018,4,25,20,34,20.613,-0.7515,0.1336,0.35,-0.5429
0.012,0.022,-0.05,53.6,63.9,-188.6,0,2018,4,25,20,34,20.624,-0.7321,0.1292,0.3452,-0.5727
0.071,0.126,-0.161,55.4,37,-192.5,0,2018,4,25,20,34,20.657,-0.7104,0.129,0.3429,-0.6008
0.096,0.136,-0.228,59.7,27.8,-191.9,0,2018,4,25,20,34,20.678,-0.6871,0.1308,0.3425,-0.6271
0.118,0.114,-0.289,67.8,37.8,-188,0,2018,4,25,20,34,20.685,-0.6625,0.1321,0.3427,-0.6527
0.115,-0.01,-0.305,80,69.7,-179.7,0,2018,4,25,20,34,20.72,-0.6379,0.1285,0.3408,-0.6784
0.077,-0.173,-0.252,90.5,124,-170.8,0,2018,4,25,20,34,20.742,-0.6139,0.1181,0.3345,-0.7051
0.014,-0.283,-0.166,95.1,177.9,-163.4,1023,2018,4,25,20,34,20.745,-0.5906,0.0999,0.3215,-0.7332
-0.051,-0.275,-0.093,95.1,194.7,-155.8,1023,2018,4,25,20,34,20.781,-0.5675,0.0768,0.3037,-0.7613
-0.133,-0.349,-0.01,88.3,168.7,-148.2,1023,2018,4,25,20,34,20.8,-0.5443,0.0544,0.2862,-0.7866
-0.175,-0.444,-0.017,76.1,137.7,-142.5,1023,2018,4,25,20,34,20.801,-0.5213,0.0358,0.2716,-0.8081
-0.168,-0.46,-0.085,62.4,111.4,-137.7,1023,2018,4,25,20,34,20.837,-0.4987,0.0214,0.2594,-0.8267
-0.125,-0.424,-0.185,49.8,89.4,-133.3,1023,2018,4,25,20,34,20.855,-0.4767,0.0108,0.2493,-0.8428
-0.081,-0.357,-0.263,37.4,72,-128.8,1023,2018,4,25,20,34,20.864,-0.4555,0.0035,0.2408,-0.8569
-0.039,-0.285,-0.312,24.2,58.1,-122.1,1023,2018,4,25,20,34,20.902,-0.4354,-0.0008,0.2334,-0.8694
-0.02,-0.286,-0.323,10,45.9,-115.1,0,2018,4,25,20,34,20.922,-0.4166,-0.0025,0.2268,-0.8803
-0.012,-0.3,-0.351,-4.3,35.9,-108.9,0,2018,4,25,20,34,20.926,-0.3991,-0.0014,0.2208,-0.8898
-0.025,-0.324,-0.383,-16.1,29.9,-101.6,0,2018,4,25,20,34,20.961,-0.3831,0.0019,0.2149,-0.8983
-0.075,-0.38,-0.332,-27,14.8,-95.7,0,2018,4,25,20,34,20.982,-0.3685,0.0075,0.2098,-0.9056
-0.103,-0.439,-0.304,-40.2,-4.9,-90.3,0,2018,4,25,20,34,20.987,-0.355,0.016,0.2067,-0.9115
-0.158,-0.465,-0.283,-52.7,-25.3,-87.5,0,2018,4,25,20,34,21.022,-0.3425,0.0275,0.206,-0.9162
-0.181,-0.421,-0.288,-63.9,-56.9,-88.3,0,2018,4,25,20,34,21.043,-0.3303,0.0425,0.2085,-0.9195
-0.198,-0.385,-0.323,-70.1,-92.5,-84.7,0,2018,4,25,20,34,21.045,-0.3181,0.061,0.2163,-0.921
-0.259,-0.407,-0.351,-61.2,-101,-73,0,2018,4,25,20,34,21.081,-0.3067,0.0803,0.2276,-0.9206
-0.358,-0.259,-0.253,-48.6,-113.5,-64.3,0,2018,4,25,20,34,21.1,-0.2963,0.0972,0.2406,-0.9191
-0.341,0.019,-0.288,-36.3,-162.8,-51.1,0,2018,4,25,20,34,21.107,-0.2863,0.1136,0.2592,-0.9153
-0.357,0.126,-0.317,-7.1,-215.7,-30.2,0,2018,4,25,20,34,21.145,-0.2769,0.1286,0.2879,-0.9076
-0.485,0.29,-0.317,39.6,-250.4,-7.8,0,2018,4,25,20,34,21.167,-0.2675,0.1381,0.3253,-0.8963
-0.554,0.359,-0.154,84.8,-253.8,15.5,0,2018,4,25,20,34,21.168,-0.258,0.1397,0.368,-0.8822
-0.628,0.445,0.065,118.1,-225.6,39.7,0,2018,4,25,20,34,21.205,-0.2494,0.1326,0.4101,-0.8671
-0.62,0.57,0.208,140.6,-174.9,62.6,0,2018,4,25,20,34,21.223,-0.2429,0.1177,0.4469,-0.8528
-0.578,0.586,0.311,155.1,-106.8,82.9,0,2018,4,25,20,34,21.23,-0.2392,0.0957,0.4752,-0.8412
-0.565,0.609,0.425,159,-48.6,98.1,0,2018,4,25,20,34,21.264,-0.2381,0.068,0.4939,-0.8334
-0.45,0.556,0.477,155.8,-11.1,112.8,0,2018,4,25,20,34,21.284,-0.2394,0.037,0.5054,-0.8281
-0.357,0.445,0.535,148.1,5.2,135.2,0,2018,4,25,20,34,21.286,-0.2437,0.0041,0.5124,-0.8233
-0.246,0.134,0.64,137.3,10.6,161.4,1023,2018,4,25,20,34,21.321,-0.2522,-0.03,0.517,-0.8173
-0.139,-0.258,0.709,128.1,15,179.5,1023,2018,4,25,20,34,21.34,-0.2646,-0.0649,0.5198,-0.8096
-0.033,-0.566,0.699,124.2,23.8,178.6,1023,2018,4,25,20,34,21.349,-0.2783,-0.0999,0.5204,-0.801
0.142,-0.675,0.685,120.3,37.8,161.2,1023,2018,4,25,20,34,21.384,-0.2902,-0.1339,0.5185,-0.793
0.245,-0.87,0.613,113.7,45.1,129.4,1023,2018,4,25,20,34,21.405,-0.2989,-0.1654,0.5153,-0.7859
0.48,-0.649,0.491,111.2,74.1,94.1,1023,2018,4,25,20,34,21.409,-0.3019,-0.1939,0.5092,-0.7821
0.686,-0.489,0.357,110.7,97.9,59.7,1023,2018,4,25,20,34,21.446,-0.2993,-0.2202,0.5004,-0.7819
0.81,-0.358,0.251,111.8,115.3,29.1,0,2018,4,25,20,34,21.464,-0.2913,-0.2448,0.4896,-0.7844
0.883,-0.272,0.148,112.7,124.8,0.8,0,2018,4,25,20,34,21.474,-0.2784,-0.2673,0.4782,-0.7888
0.914,-0.261,0.065,113.1,146.4,-23.4,0,2018,4,25,20,34,21.512,-0.2608,-0.2884,0.4653,-0.7951
0.9,-0.295,0.02,113.3,174.1,-49,0,2018,4,25,20,34,21.533,-0.2382,-0.3082,0.4499,-0.8035
0.827,-0.295,0.017,110.5,203.6,-77.8,0,2018,4,25,20,34,21.536,-0.2099,-0.3266,0.4308,-0.8146
0.743,-0.44,0.037,100.6,228.5,-106.3,0,2018,4,25,20,34,21.549,-0.1763,-0.3424,0.4088,-0.8273
0.642,-0.579,0.077,85.1,265.3,-138,0,2018,4,25,20,34,21.588,-0.1368,-0.3542,0.3827,-0.8421
0.523,-0.557,0.022,73.4,285.4,-166.8,0,2018,4,25,20,34,21.608,-0.0915,-0.3616,0.3524,-0.8582
0.323,-0.593,-0.006,66.2,264,-183.8,0,2018,4,25,20,34,21.61,-0.0431,-0.3651,0.3226,-0.8721
0.111,-0.889,0.135,57.3,229.6,-198.3,0,2018,4,25,20,34,21.645,0.0051,-0.3651,0.2974,-0.8821
-0.056,-0.982,0.244,44.5,195.4,-212.6,0,2018,4,25,20,34,21.664,0.0531,-0.3616,0.2774,-0.8884
-0.149,-0.91,0.248,22.7,160.9,-217.4,0,2018,4,25,20,34,21.672,0.0992,-0.3544,0.263,-0.8917
-0.144,-0.759,0.095,-1.6,141.3,-220,0,2018,4,25,20,34,21.707,0.1429,-0.343,0.2529,-0.8932
-0.111,-0.659,-0.077,-20.1,138,-217.2,0,2018,4,25,20,34,21.728,0.1846,-0.3276,0.2445,-0.8937
-0.1,-0.606,-0.176,-33.5,149.5,-209.4,0,2018,4,25,20,34,21.73,0.2247,-0.3093,0.2351,-0.8936
-0.14,-0.631,-0.228,-47.6,163.9,-197.3,0,2018,4,25,20,34,21.764,0.2629,-0.2881,0.2229,-0.8933
-0.214,-0.664,-0.265,-61.9,175.2,-181.8,0,2018,4,25,20,34,21.783,0.2986,-0.2641,0.2082,-0.8931
-0.313,-0.704,-0.275,-77.7,179.8,-166.7,0,2018,4,25,20,34,21.792,0.331,-0.2372,0.1918,-0.8929
-0.376,-0.617,-0.319,-92.3,166.4,-153.8,0,2018,4,25,20,34,21.826,0.36,-0.2083,0.176,-0.8921
-0.405,-0.54,-0.335,-105.2,131.4,-141.8,0,2018,4,25,20,34,21.846,0.385,-0.1787,0.1641,-0.8904
-0.398,-0.507,-0.376,-113.9,82.3,-130.4,0,2018,4,25,20,34,21.853,0.406,-0.1504,0.1592,-0.8871
-0.413,-0.477,-0.398,-115.9,28.6,-120.5,0,2018,4,25,20,34,21.887,0.4234,-0.1252,0.1622,-0.8824
-0.432,-0.429,-0.418,-114.9,-17.3,-111,1023,2018,4,25,20,34,21.906,0.4379,-0.1039,0.1727,-0.8761
-0.451,-0.366,-0.44,-111.4,-49.9,-101.6,1023,2018,4,25,20,34,21.913,0.4499,-0.086,0.1886,-0.8686
-0.447,-0.265,-0.488,-105.1,-77.4,-90.5,1023,2018,4,25,20,34,21.946,0.4597,-0.0715,0.2083,-0.8602
-0.439,-0.181,-0.535,-94.2,-104.5,-78,1023,2018,4,25,20,34,21.967,0.4674,-0.0608,0.231,-0.8511
-0.439,-0.143,-0.531,-78.4,-128.7,-66.1,1023,2018,4,25,20,34,21.974,0.4731,-0.0547,0.2562,-0.841
-0.438,-0.14,-0.517,-58.8,-147.7,-57.1,1023,2018,4,25,20,34,22.011,0.4775,-0.0533,0.2827,-0.8301
-0.418,-0.106,-0.506,-35.1,-161.8,-50.8,1023,2018,4,25,20,34,22.03,0.4813,-0.0568,0.3095,-0.818
-0.392,-0.106,-0.446,-6.8,-168.6,-44.1,1023,2018,4,25,20,34,22.031,0.4851,-0.0653,0.3352,-0.8049
-0.404,-0.099,-0.339,19.6,-167.5,-38.9,0,2018,4,25,20,34,22.071,0.4892,-0.078,0.3585,-0.7911
-0.392,-0.033,-0.271,43.6,-170.5,-33.5,0,2018,4,25,20,34,22.093,0.4937,-0.0946,0.3793,-0.7767
-0.353,0.026,-0.266,65.6,-177.6,-29.1,0,2018,4,25,20,34,22.094,0.4984,-0.1149,0.3985,-0.7612
-0.315,0.016,-0.284,90.9,-177.1,-26.4,0,2018,4,25,20,34,22.128,0.5037,-0.1389,0.4157,-0.7443
-0.3,-0.017,-0.245,118.9,-159.6,-23.9,0,2018,4,25,20,34,22.149,0.5102,-0.1655,0.4288,-0.7268
-0.312,-0.027,-0.186,145.6,-127.6,-20.3,0,2018,4,25,20,34,22.154,0.5186,-0.1935,0.4355,-0.7098
-0.328,0.012,-0.042,165.6,-80.4,-15.7,0,2018,4,25,20,34,22.189,0.529,-0.2208,0.4346,-0.6945
-0.315,0.158,0.118,174.8,-42.3,-8,0,2018,4,25,20,34,22.209,0.5409,-0.246,0.4262,-0.682
-0.291,0.309,0.246,171.7,-21.9,6.8,0,2018,4,25,20,34,22.211,0.5524,-0.2692,0.4131,-0.6719
-0.249,0.369,0.216,163.6,-25.9,27.6,0,2018,4,25,20,34,22.243,0.5611,-0.2922,0.3986,-0.6639
-0.232,0.325,0.156,157.2,-39,45.8,0,2018,4,25,20,34,22.264,0.566,-0.3165,0.3847,-0.6568
-0.318,0.261,0.266,144.9,-40.3,69.3,0,2018,4,25,20,34,22.274,0.5671,-0.3415,0.3709,-0.6511
-0.348,0.179,0.329,124.2,-38.2,96,0,2018,4,25,20,34,22.307,0.5637,-0.366,0.3571,-0.6486
-0.346,0.178,0.378,103.9,-28.4,120.3,0,2018,4,25,20,34,22.331,0.5561,-0.3886,0.3426,-0.6498
-0.366,0.244,0.443,88.2,-29.8,142.2,0,2018,4,25,20,34,22.339,0.5448,-0.4099,0.3272,-0.6542
-0.295,0.254,0.497,75.7,-49.6,155.8,0,2018,4,25,20,34,22.374,0.5292,-0.4313,0.3131,-0.6601
-0.301,0.252,0.585,66.1,-62.5,162.1,0,2018,4,25,20,34,22.394,0.5101,-0.4533,0.301,-0.666
-0.454,0.126,0.558,54.2,-54.1,173.8,0,2018,4,25,20,34,22.396,0.4887,-0.4741,0.2892,-0.6728
-0.38,-0.117,0.433,44.6,-25.1,172.8,0,2018,4,25,20,34,22.431,0.4671,-0.4917,0.2751,-0.6814
-0.277,-0.146,0.336,42.1,39.5,158.3,0,2018,4,25,20,34,22.452,0.45,-0.5039,0.2564,-0.6912
-0.215,-0.02,0.343,40,92.2,143.9,0,2018,4,25,20,34,22.454,0.4396,-0.5099,0.2314,-0.7021
-0.1,0.098,0.339,36.9,93.9,141.1,0,2018,4,25,20,34,22.492,0.4322,-0.5127,0.2038,-0.7131
-0.093,0.065,0.302,31.7,79.2,135,1023,2018,4,25,20,34,22.512,0.4239,-0.5151,0.178,-0.7233
-0.048,0.06,0.238,28,53.3,129.7,1023,2018,4,25,20,34,22.516,0.4139,-0.5178,0.1555,-0.7322
0.024,0.013,0.184,25.1,35,126.9,1023,2018,4,25,20,34,22.55,0.402,-0.5215,0.1366,-0.74
0.087,-0.078,0.137,22.8,32.8,124.9,1023,2018,4,25,20,34,22.571,0.3891,-0.5252,0.1192,-0.7473
0.109,-0.209,0.145,18.9,45.9,120.4,1023,2018,4,25,20,34,22.58,0.3769,-0.5277,0.1015,-0.7543
0.102,-0.301,0.153,12.6,69.8,109,1023,2018,4,25,20,34,22.617,0.3674,-0.5278,0.0821,-0.7612
0.123,-0.303,0.147,3.8,86.4,98.3,1023,2018,4,25,20,34,22.637,0.361,-0.5251,0.0614,-0.7681
0.151,-0.301,0.141,-5.1,90.3,83,1023,2018,4,25,20,34,22.639,0.357,-0.5203,0.0411,-0.7746
0.17,-0.318,0.139,-17.6,78.4,68,1023,2018,4,25,20,34,22.674,0.3544,-0.5138,0.0236,-0.7808
0.201,-0.261,0.112,-30.2,55.4,53.6,1023,2018,4,25,20,34,22.693,0.3521,-0.5065,0.0103,-0.7869
0.234,-0.231,0.028,-38.3,20.9,38.5,0,2018,4,25,20,34,22.7,0.3491,-0.4995,0.0033,-0.7928
0.265,-0.221,-0.019,-44.1,-11.4,25.8,0,2018,4,25,20,34,22.734,0.3449,-0.4935,0.0026,-0.7983
0.278,-0.304,-0.012,-48.5,-32.6,10.6,0,2018,4,25,20,34,22.753,0.3403,-0.4884,0.0071,-0.8034
0.287,-0.307,-0.013,-51.8,-39.6,-4.1,0,2018,4,25,20,34,22.758,0.3367,-0.4835,0.0151,-0.8077
0.313,-0.315,-0.028,-53.6,-41.9,-15.8,0,2018,4,25,20,34,22.793,0.3345,-0.4784,0.0249,-0.8115
0.322,-0.287,-0.05,-54.4,-41,-23.9,0,2018,4,25,20,34,22.813,0.3337,-0.473,0.0356,-0.8146
0.305,-0.286,-0.049,-51.9,-37.4,-31.3,0,2018,4,25,20,34,22.821,0.334,-0.4675,0.0465,-0.817
0.278,-0.274,-0.044,-49.5,-36.7,-38.3,0,2018,4,25,20,34,22.84,0.3355,-0.4621,0.0576,-0.8188
0.226,-0.287,-0.001,-46.6,-37.2,-46,0,2018,4,25,20,34,22.861,0.3381,-0.4569,0.0691,-0.8197
0.209,-0.245,0.031,-43.4,-44.6,-53.1,0,2018,4,25,20,34,22.894,0.3415,-0.4522,0.0815,-0.8198
0.186,-0.223,0.083,-40.4,-63.2,-58.5,0,2018,4,25,20,34,22.915,0.3446,-0.4486,0.0961,-0.8189
0.177,-0.228,0.102,-37.5,-80.9,-63.8,0,2018,4,25,20,34,22.917,0.3469,-0.4463,0.1136,-0.817
0.161,-0.248,0.103,-32.1,-92,-71.5,0,2018,4,25,20,34,22.951,0.3489,-0.4452,0.1335,-0.8137
0.158,-0.289,0.12,-22.9,-85.9,-83.1,0,2018,4,25,20,34,22.971,0.3521,-0.4448,0.154,-0.8089
0.122,-0.372,0.199,-9.1,-60.7,-98.7,0,2018,4,25,20,34,22.978,0.3587,-0.4445,0.1725,-0.8023
-0.026,-0.483,0.35,6.8,-4.3,-116.1,0,2018,4,25,20,34,23.013,0.3711,-0.4432,0.1856,-0.7945
-0.26,-0.566,0.533,16.7,77.2,-132.8,0,2018,4,25,20,34,23.032,0.3917,-0.4382,0.1893,-0.7865
-0.471,-0.374,0.648,16.2,130.4,-156.6,0,2018,4,25,20,34,23.041,0.4207,-0.4272,0.1838,-0.7788
-0.545,-0.142,0.539,4.7,115.1,-174.2,0,2018,4,25,20,34,23.077,0.4526,-0.414,0.1786,-0.7692
-0.497,-0.016,0.283,-4.3,87.4,-197.1,0,2018,4,25,20,34,23.098,0.4846,-0.3998,0.1783,-0.7572
-0.369,0.135,0.126,-6.1,46.8,-211,0,2018,4,25,20,34,23.101,0.516,-0.3867,0.184,-0.7418
-0.332,0.182,0.079,-6,11.4,-218.2,0,2018,4,25,20,34,23.137,0.5451,-0.3763,0.1954,-0.7231
-0.347,0.227,0.099,-8.9,-14.3,-220.7,1023,2018,4,25,20,34,23.156,0.5721,-0.3679,0.2107,-0.702
-0.359,0.248,0.089,-18.4,-32.9,-212.5,1023,2018,4,25,20,34,23.158,0.5961,-0.3605,0.229,-0.6798
-0.326,0.254,0.018,-29.1,-45.2,-199.4,1023,2018,4,25,20,34,23.192,0.6167,-0.3532,0.249,-0.6579
-0.301,0.215,-0.093,-37.1,-52,-184.8,1023,2018,4,25,20,34,23.212,0.6337,-0.3462,0.27,-0.6367
-0.296,0.147,-0.185,-39.8,-41.7,-170.8,1023,2018,4,25,20,34,23.223,0.6484,-0.3386,0.2902,-0.6169
-0.272,0.083,-0.203,-38.5,-19.3,-154.4,1023,2018,4,25,20,34,23.255,0.6617,-0.3294,0.3075,-0.599
-0.295,-0.032,-0.138,-37.1,17.3,-135.7,1023,2018,4,25,20,34,23.276,0.6745,-0.3178,0.3202,-0.5842
-0.313,-0.014,-0.063,-38.6,52.1,-113.5,1023,2018,4,25,20,34,23.281,0.687,-0.3026,0.3277,-0.5735
-0.355,0.041,-0.041,-43.3,62.2,-89.8,0,2018,4,25,20,34,23.315,0.6977,-0.2854,0.3319,-0.5669
-0.394,0.116,-0.077,-46.3,50.9,-68.4,0,2018,4,25,20,34,23.337,0.7056,-0.2693,0.3356,-0.5628
-0.404,0.228,-0.167,-45.6,25.6,-48.2,0,2018,4,25,20,34,23.343,0.7103,-0.2566,0.3402,-0.5601
-0.411,0.3,-0.239,-40.6,-2.7,-29.7,0,2018,4,25,20,34,23.377,0.7119,-0.2488,0.3462,-0.5579
-0.412,0.306,-0.26,-34.7,-22.6,-13.9,0,2018,4,25,20,34,23.396,0.7111,-0.2456,0.3532,-0.556
-0.401,0.314,-0.268,-28.4,-29.7,1.6,0,2018,4,25,20,34,23.401,0.7085,-0.2456,0.36,-0.5549
-0.385,0.307,-0.275,-21.5,-23.4,17.6,0,2018,4,25,20,34,23.437,0.7048,-0.2472,0.3653,-0.5555
-0.378,0.299,-0.26,-13.5,-8.3,32.8,0,2018,4,25,20,34,23.457,0.7004,-0.2491,0.3679,-0.5584
-0.383,0.287,-0.233,-5.7,10.3,47.9,0,2018,4,25,20,34,23.462,0.6959,-0.2507,0.3672,-0.5638
-0.414,0.238,-0.182,0.6,30.9,61.5,0,2018,4,25,20,34,23.495,0.6912,-0.2514,0.3629,-0.572
-0.438,0.225,-0.149,6.2,50.4,74.2,0,2018,4,25,20,34,23.516,0.6864,-0.2511,0.3553,-0.5826
-0.439,0.242,-0.142,10.7,58.1,88.9,0,2018,4,25,20,34,23.523,0.6809,-0.2503,0.3449,-0.5954
-0.463,0.233,-0.134,15.3,46.9,105.8,0,2018,4,25,20,34,23.559,0.6738,-0.2511,0.3334,-0.6096
-0.477,0.195,-0.117,18.5,26.1,125.3,0,2018,4,25,20,34,23.579,0.6638,-0.2553,0.3224,-0.6245
-0.527,0.056,-0.079,12.5,-0.9,158.3,0,2018,4,25,20,34,23.587,0.6348,-0.2721,0.3031,-0.6565
-0.558,-0.046,-0.063,5,-9.2,179.8,0,2018,4,25,20,34,23.622,0.6153,-0.2825,0.2946,-0.6742
-0.588,-0.173,-0.008,-5.4,-14.4,203.2,0,2018,4,25,20,34,23.623,0.5917,-0.2936,0.2864,-0.6939
-0.592,-0.245,0.015,-20.7,-16.8,224.7,0,2018,4,25,20,34,23.657,0.5638,-0.3041,0.2784,-0.7155
-0.565,-0.284,0.023,-36.8,-21.2,246,0,2018,4,25,20,34,23.678,0.5315,-0.3134,0.2709,-0.7387
-0.562,-0.401,0.07,-51.9,-20.6,270.5,0,2018,4,25,20,34,23.683,0.4942,-0.3216,0.2635,-0.7634
-0.58,-0.535,0.098,-66.6,-13.5,293,0,2018,4,25,20,34,23.718,0.4522,-0.3277,0.2547,-0.7894
-0.582,-0.617,0.082,-83.4,-12.2,301.9,0,2018,4,25,20,34,23.738,0.4063,-0.331,0.2448,-0.8156
-0.502,-0.556,0.027,-99.6,-26.7,295.8,1023,2018,4,25,20,34,23.745,0.358,-0.3315,0.2363,-0.8402
-0.406,-0.46,-0.024,-115.4,-56.5,285.7,1023,2018,4,25,20,34,23.778,0.308,-0.3296,0.2319,-0.8617
-0.344,-0.451,-0.079,-131.6,-91.5,276.5,1023,2018,4,25,20,34,23.798,0.2559,-0.3259,0.2334,-0.8796
-0.272,-0.433,-0.192,-146.4,-122.1,269.1,1023,2018,4,25,20,34,23.805,0.2019,-0.3198,0.2403,-0.8939
-0.202,-0.412,-0.308,-157.4,-146.5,261.3,1023,2018,4,25,20,34,23.839,0.1462,-0.3113,0.2516,-0.9046
-0.125,-0.377,-0.381,-166.5,-156.4,250.6,1023,2018,4,25,20,34,23.859,0.0901,-0.3003,0.2656,-0.9116
-0.059,-0.361,-0.405,-174.1,-151.8,238.6,1023,2018,4,25,20,34,23.868,0.0349,-0.2865,0.2797,-0.9156
-0.009,-0.359,-0.395,-181.2,-131.7,224.7,1023,2018,4,25,20,34,23.902,-0.0178,-0.2698,0.2915,-0.9175
0.063,-0.313,-0.396,-183.9,-107.6,212.9,1023,2018,4,25,20,34,23.922,-0.0676,-0.2508,0.2992,-0.9181
0.111,-0.303,-0.402,-182.1,-88.2,204.7,0,2018,4,25,20,34,23.924,-0.1149,-0.2308,0.3029,-0.9174
0.107,-0.29,-0.379,-174.4,-74.8,200.2,0,2018,4,25,20,34,23.958,-0.1599,-0.211,0.3037,-0.9152
0.035,-0.266,-0.323,-163.8,-71.8,201.4,0,2018,4,25,20,34,23.979,-0.2036,-0.1922,0.3026,-0.911
-0.011,-0.214,-0.287,-150.7,-84.6,203.1,0,2018,4,25,20,34,23.986,-0.2466,-0.1749,0.3019,-0.9041
0.003,-0.122,-0.295,-140.2,-121.8,201.1,0,2018,4,25,20,34,24.022,-0.289,-0.158,0.3053,-0.8934
0.053,-0.105,-0.333,-130.1,-160,197.7,0,2018,4,25,20,34,24.044,-0.3309,-0.1401,0.3149,-0.8784
0.096,-0.129,-0.327,-118.7,-178.1,194.2,0,2018,4,25,20,34,24.046,-0.3717,-0.1216,0.3286,-0.8596
0.133,-0.18,-0.314,-107.3,-174.4,191.3,0,2018,4,25,20,34,24.085,-0.4103,-0.1041,0.3434,-0.8383
0.18,-0.224,-0.29,-95,-153.1,188.2,0,2018,4,25,20,34,24.106,-0.4467,-0.0888,0.3563,-0.8157
0.245,-0.238,-0.274,-80.8,-123.9,185.2,0,2018,4,25,20,34,24.107,-0.4804,-0.0771,0.3659,-0.7932
0.309,-0.214,-0.249,-63.5,-101.1,181.1,0,2018,4,25,20,34,24.143,-0.5114,-0.0696,0.3725,-0.7711
0.347,-0.255,-0.193,-45.9,-89.9,172.6,0,2018,4,25,20,34,24.164,-0.5395,-0.0655,0.3781,-0.7494
0.369,-0.294,-0.12,-31.4,-95.8,158.2,0,2018,4,25,20,34,24.167,-0.5642,-0.063,0.3846,-0.7278
0.414,-0.352,-0.061,-20.6,-105.3,141.3,0,2018,4,25,20,34,24.203,-0.5855,-0.06,0.3932,-0.7062
0.455,-0.465,0.004,-11.4,-106.8,121.1,0,2018,4,25,20,34,24.221,-0.6035,-0.0563,0.4033,-0.6854
0.484,-0.59,0.103,-5.4,-99.8,97.7,0,2018,4,25,20,34,24.228,-0.6179,-0.0521,0.4138,-0.6664
0.448,-0.743,0.238,-5.3,-86,67.7,0,2018,4,25,20,34,24.262,-0.6285,-0.0476,0.4233,-0.6507
0.382,-0.74,0.322,-9.6,-78.6,32.5,0,2018,4,25,20,34,24.283,-0.6351,-0.0417,0.4313,-0.6393
0.333,-0.649,0.346,-18.8,-83.5,-2.4,0,2018,4,25,20,34,24.288,-0.6381,-0.0324,0.4387,-0.6317
0.342,-0.524,0.317,-30.4,-91.6,-35.7,0,2018,4,25,20,34,24.305,-0.6381,-0.0185,0.4458,-0.6273
0.368,-0.43,0.276,-40.5,-99.5,-61,0,2018,4,25,20,34,24.325,-0.6356,-0.0004,0.4526,-0.6254
0.379,-0.381,0.224,-44.8,-97.4,-83,0,2018,4,25,20,34,24.361,-0.6308,0.0208,0.4588,-0.6253
0.371,-0.298,0.189,-44.5,-87.1,-100.8,0,2018,4,25,20,34,24.382,-0.6236,0.0431,0.4636,-0.6278
0.317,-0.282,0.18,-38.7,-69.3,-117.1,1023,2018,4,25,20,34,24.388,-0.6142,0.065,0.4668,-0.6328
0.184,-0.069,0.119,-2.1,-41.8,-153.5,1023,2018,4,25,20,34,24.426,-0.5543,0.1385,0.4703,-0.6725
0.149,-0.051,0.122,5.1,-5.5,-156.7,1023,2018,4,25,20,34,24.445,-0.535,0.153,0.4695,-0.6853
0.124,-0.102,0.085,9.3,25.1,-158.6,1023,2018,4,25,20,34,24.45,-0.5156,0.1641,0.4647,-0.7008
0.085,-0.04,0.059,9.9,64.1,-158.8,1023,2018,4,25,20,34,24.484,-0.4962,0.1719,0.4549,-0.7191
0.074,0.018,0.036,8.6,87.7,-152.5,1023,2018,4,25,20,34,24.505,-0.4777,0.1767,0.4406,-0.7391
0.056,0.053,0.03,5.8,97.4,-138.5,1023,2018,4,25,20,34,24.51,-0.461,0.1792,0.424,-0.7586
0.014,0.038,0.014,0.5,98.6,-121.6,1023,2018,4,25,20,34,24.546,-0.4466,0.1805,0.4065,-0.7763
-0.056,0,0.004,-7.1,96.8,-104.9,1023,2018,4,25,20,34,24.565,-0.4347,0.181,0.3893,-0.7915
-0.118,-0.023,-0.025,-16.5,98.6,-90.8,1023,2018,4,25,20,34,24.572,-0.4254,0.1812,0.3723,-0.8046
-0.148,0.029,-0.076,-24.5,99.9,-74.6,0,2018,4,25,20,34,24.605,-0.4183,0.1822,0.3538,-0.8164
-0.172,0.108,-0.136,-29.6,93.8,-55.5,0,2018,4,25,20,34,24.627,-0.4138,0.1831,0.3356,-0.8261
-0.195,0.164,-0.172,-32,76.1,-35.8,0,2018,4,25,20,34,24.631,-0.412,0.1843,0.3192,-0.8332
-0.224,0.171,-0.185,-31.8,51.4,-18,0,2018,4,25,20,34,24.67,-0.4121,0.1861,0.3064,-0.8375
-0.239,0.192,-0.203,-30.2,25.6,-2.3,0,2018,4,25,20,34,24.692,-0.4138,0.1888,0.2979,-0.8392
-0.234,0.22,-0.248,-26,2.9,12.8,0,2018,4,25,20,34,24.696,-0.4167,0.1919,0.2938,-0.8385
-0.221,0.237,-0.292,-18.9,-12.3,26.9,0,2018,4,25,20,34,24.715,-0.4207,0.1948,0.2934,-0.8359
-0.201,0.242,-0.331,-8.1,-19.2,40.3,0,2018,4,25,20,34,24.734,-0.426,0.1965,0.2956,-0.8321
-0.181,0.202,-0.306,4.6,-15.9,52.8,0,2018,4,25,20,34,24.755,-0.4323,0.1957,0.2997,-0.8275
-0.169,0.12,-0.243,16.4,-3.8,64.5,0,2018,4,25,20,34,24.793,-0.44,0.192,0.3037,-0.8229
-0.124,0.062,-0.232,27.9,3.1,75.3,0,2018,4,25,20,34,24.813,-0.4491,0.1854,0.3072,-0.8182
0.029,0.025,-0.266,41.7,0.6,90,0,2018,4,25,20,34,24.817,-0.4592,0.176,0.3119,-0.8128
0.155,-0.055,-0.212,52.3,-10.8,102.5,0,2018,4,25,20,34,24.834,-0.4703,0.1644,0.319,-0.8061
0.151,-0.205,-0.038,48.4,-29.9,103.7,0,2018,4,25,20,34,24.868,-0.4815,0.1532,0.3288,-0.7977
0.118,-0.31,0.12,33.8,-50.4,100.1,0,2018,4,25,20,34,24.888,-0.4921,0.1452,0.3406,-0.7878
0.032,-0.327,0.279,15.8,-39.2,105.2,0,2018,4,25,20,34,24.89,-0.5034,0.1401,0.3516,-0.7766
-0.12,-0.271,0.336,0.6,-18.6,112.7,0,2018,4,25,20,34,24.927,-0.517,0.1347,0.3587,-0.7653
-0.15,-0.257,0.319,-6.9,-13.2,109.1,0,2018,4,25,20,34,24.946,-0.5321,0.1291,0.3627,-0.754
-0.094,-0.145,0.329,-3.2,-32,97.8,0,2018,4,25,20,34,24.953,-0.5459,0.1248,0.367,-0.7426
-0.048,0.011,0.392,5.8,-60.2,81.4,0,2018,4,25,20,34,24.986,-0.5565,0.1232,0.3748,-0.7311
-0.025,0.055,0.381,10,-69.1,61.4,0,2018,4,25,20,34,25.008,-0.5636,0.1241,0.3855,-0.7198
-0.024,0.114,0.215,4.6,-53.1,47.8,1023,2018,4,25,20,34,25.012,-0.5684,0.1256,0.3952,-0.7105
-0.072,0.136,0.039,-5.2,-31.3,39.6,1023,2018,4,25,20,34,25.046,-0.5728,0.1268,0.4013,-0.7032
-0.102,0.166,-0.083,-17,0.2,37.1,1023,2018,4,25,20,34,25.068,-0.5779,0.1271,0.4029,-0.6981
-0.17,0.258,-0.156,-27.6,21,39.5,1023,2018,4,25,20,34,25.071,-0.5844,0.126,0.3998,-0.6947
-0.175,0.359,-0.217,-37.3,24.1,51.1,1023,2018,4,25,20,34,25.093,-0.5926,0.1243,0.3945,-0.691
-0.207,0.38,-0.247,-44.8,13.3,71.4,1023,2018,4,25,20,34,25.127,-0.6032,0.1231,0.3892,-0.6851
-0.244,0.323,-0.231,-50.4,-6.7,96,1023,2018,4,25,20,34,25.147,-0.6165,0.1228,0.3855,-0.6753
-0.292,0.219,-0.201,-53.4,-23.4,123.8,1023,2018,4,25,20,34,25.154,-0.6326,0.1233,0.3841,-0.661
-0.258,0.103,-0.173,-50.2,-36.5,154.7,1023,2018,4,25,20,34,25.187,-0.6513,0.1232,0.3847,-0.6422
-0.181,-0.021,-0.141,-40.5,-42.3,183.3,0,2018,4,25,20,34,25.209,-0.6723,0.1216,0.3875,-0.6188
-0.179,-0.156,0.006,-34.9,-34.3,197.3,0,2018,4,25,20,34,25.217,-0.6942,0.1169,0.3913,-0.5925
-0.15,-0.159,0.034,-36.3,-40.3,197.8,0,2018,4,25,20,34,25.252,-0.7158,0.111,0.3955,-0.5645
-0.11,-0.147,-0.032,-32.4,-55.9,191.6,0,2018,4,25,20,34,25.271,-0.7357,0.1068,0.4007,-0.5354
-0.04,-0.133,0.003,-25.5,-72,176.1,0,2018,4,25,20,34,25.277,-0.7528,0.1052,0.4073,-0.5061
-0.001,-0.119,0.072,-18.9,-86.1,159,0,2018,4,25,20,34,25.295,-0.767,0.1056,0.4147,-0.4779
0.094,-0.121,0.108,-15.9,-93.3,143.2,0,2018,4,25,20,34,25.315,-0.7788,0.1087,0.4223,-0.4508
0.199,-0.202,0.05,-5.6,-59.9,118,0,2018,4,25,20,34,25.334,-0.7967,0.1133,0.4363,-0.4024
0.267,-0.233,0.069,2.5,-31,102.5,0,2018,4,25,20,34,25.368,-0.8034,0.1109,0.4414,-0.3837
0.34,-0.219,0.113,9.2,-16,87.7,0,2018,4,25,20,34,25.39,-0.8087,0.1061,0.4455,-0.3688
0.438,-0.26,0.116,16,-5.9,76.3,0,2018,4,25,20,34,25.395,-0.8127,0.1002,0.4496,-0.3566
0.48,-0.307,0.127,23.2,9,66.3,0,2018,4,25,20,34,25.434,-0.8155,0.093,0.4536,-0.347
0.498,-0.346,0.151,27.6,29.4,57.3,0,2018,4,25,20,34,25.458,-0.8174,0.0839,0.4572,-0.3402
0.476,-0.491,0.191,27.5,56.2,46.6,0,2018,4,25,20,34,25.462,-0.8188,0.0718,0.4593,-0.3365
0.461,-0.562,0.217,23.7,84.1,29.8,0,2018,4,25,20,34,25.481,-0.8198,0.057,0.4592,-0.3372
0.494,-0.57,0.197,20.5,99,11.9,0,2018,4,25,20,34,25.501,-0.8201,0.0408,0.4569,-0.3419
0.488,-0.613,0.188,18.4,114.7,-6.4,0,2018,4,25,20,34,25.517,-0.8193,0.0241,0.4532,-0.3501
0.514,-0.555,0.164,22.2,115.6,-29.2,0,2018,4,25,20,34,25.555,-0.8169,0.0076,0.4487,-0.3621
0.491,-0.552,0.192,26.2,95,-53.2,0,2018,4,25,20,34,25.576,-0.8124,-0.0057,0.4452,-0.3762
0.455,-0.687,0.25,28.6,76.2,-80.3,0,2018,4,25,20,34,25.58,-0.8056,-0.0141,0.4437,-0.3921
0.375,-0.843,0.302,33,85.6,-111.4,0,2018,4,25,20,34,25.598,-0.7963,-0.0196,0.4427,-0.4116
0.202,-0.97,0.354,34.7,126.8,-143,0,2018,4,25,20,34,25.618,-0.7838,-0.0266,0.4401,-0.4372
0.017,-0.952,0.351,32.1,175.4,-176.8,1023,2018,4,25,20,34,25.659,-0.7677,-0.0375,0.4334,-0.4705
-0.099,-0.774,0.285,21.5,204.7,-208.8,1023,2018,4,25,20,34,25.677,-0.7476,-0.0507,0.4217,-0.5104
-0.114,-0.614,0.222,7.9,194.5,-236,1023,2018,4,25,20,34,25.681,-0.7239,-0.0616,0.4067,-0.5537
-0.066,-0.505,0.104,-0.8,166.5,-251.4,1023,2018,4,25,20,34,25.702,-0.6972,-0.0668,0.3915,-0.5967
-0.024,-0.415,-0.01,-4.2,141.5,-256.1,1023,2018,4,25,20,34,25.722,-0.6683,-0.0673,0.3776,-0.6373
-0.014,-0.411,-0.11,-6,133.6,-253.9,1023,2018,4,25,20,34,25.762,-0.6379,-0.0652,0.3641,-0.6753
-0.024,-0.45,-0.194,-7.6,149.5,-246.2,1023,2018,4,25,20,34,25.766,-0.6068,-0.0636,0.3489,-0.7113
-0.05,-0.512,-0.302,-8.4,185.1,-234.9,1023,2018,4,25,20,34,25.782,-0.575,-0.0652,0.3291,-0.7461
-0.08,-0.561,-0.362,-3.7,202.2,-222.2,1023,2018,4,25,20,34,25.8,-0.5428,-0.0707,0.3046,-0.7794
-0.117,-0.697,-0.327,2.1,195.9,-206.8,1023,2018,4,25,20,34,25.82,-0.5105,-0.0781,0.2796,-0.8093
-0.192,-0.85,-0.235,4.5,184,-193.3,0,2018,4,25,20,34,25.86,-0.4789,-0.0858,0.2554,-0.8354
-0.28,-0.99,-0.191,-1.9,172.3,-183.8,0,2018,4,25,20,34,25.879,-0.4482,-0.0925,0.2323,-0.8582
-0.351,-1.119,-0.25,-15.4,176.1,-180.4,0,2018,4,25,20,34,25.883,-0.4182,-0.0973,0.2084,-0.8787
-0.386,-1.136,-0.346,-32.2,187.3,-183.1,0,2018,4,25,20,34,25.92,-0.3876,-0.1003,0.1815,-0.8981
-0.411,-1.107,-0.354,-52,185.8,-187.7,0,2018,4,25,20,34,25.942,-0.3561,-0.1004,0.1521,-0.9164
-0.391,-0.958,-0.363,-70.7,155.5,-188.6,0,2018,4,25,20,34,25.946,-0.3241,-0.0961,0.1237,-0.9329
-0.393,-0.821,-0.379,-86.5,89.4,-185.3,0,2018,4,25,20,34,25.963,-0.2929,-0.0861,0.1023,-0.9467
-0.417,-0.768,-0.444,-97,20,-181.9,0,2018,4,25,20,34,25.983,-0.2633,-0.0702,0.0917,-0.9577
-0.446,-0.748,-0.536,-100.7,-29.9,-181.3,0,2018,4,25,20,34,26,-0.2344,-0.0502,0.0907,-0.9665
-0.457,-0.717,-0.596,-98.3,-54.6,-183.1,0,2018,4,25,20,34,26.02,-0.2055,-0.0286,0.0957,-0.9735
-0.479,-0.674,-0.605,-91.5,-63.9,-185.1,0,2018,4,25,20,34,26.042,-0.1759,-0.0072,0.1034,-0.9789
-0.523,-0.611,-0.564,-81.8,-69.1,-186,0,2018,4,25,20,34,26.06,-0.1457,0.0129,0.1122,-0.9828
-0.548,-0.501,-0.536,-70.2,-81.3,-184,0,2018,4,25,20,34,26.081,-0.115,0.0315,0.1226,-0.9852
-0.548,-0.414,-0.527,-56.1,-99.4,-176.7,0,2018,4,25,20,34,26.121,-0.0847,0.048,0.1359,-0.9859
-0.541,-0.361,-0.502,-40.6,-119.5,-165.5,0,2018,4,25,20,34,26.125,-0.0555,0.0619,0.1525,-0.9847
-0.518,-0.326,-0.489,-23.7,-141.1,-152.1,0,2018,4,25,20,34,26.144,-0.0276,0.0728,0.1729,-0.9818
-0.51,-0.336,-0.444,-6.3,-160.6,-139.1,0,2018,4,25,20,34,26.182,-0.0012,0.0804,0.1968,-0.9771
-0.535,-0.369,-0.387,13.4,-170.4,-124.7,0,2018,4,25,20,34,26.203,0.0237,0.0843,0.2232,-0.9708
-0.545,-0.32,-0.366,36.4,-172.5,-112.4,0,2018,4,25,20,34,26.207,0.0472,0.0839,0.2503,-0.9633
-0.565,-0.276,-0.318,63.7,-175.9,-101.5,0,2018,4,25,20,34,26.221,0.0699,0.0786,0.2774,-0.9549
-0.601,-0.243,-0.239,92.4,-180.2,-93.5,0,2018,4,25,20,34,26.26,0.0922,0.068,0.3046,-0.9455
-0.685,-0.235,-0.124,121.9,-175.2,-89.2,1023,2018,4,25,20,34,26.281,0.115,0.0521,0.331,-0.9351
-0.755,-0.19,0.011,147.4,-156.2,-89.9,1023,2018,4,25,20,34,26.285,0.1389,0.0317,0.3543,-0.9241
-0.784,-0.095,0.099,168.4,-126,-92.2,1023,2018,4,25,20,34,26.305,0.1641,0.0084,0.3724,-0.9133
-0.78,0.034,0.203,182.5,-90.2,-91.6,1023,2018,4,25,20,34,26.326,0.1904,-0.0167,0.384,-0.9032
-0.735,0.156,0.264,187.6,-59.3,-83.3,1023,2018,4,25,20,34,26.347,0.2163,-0.0424,0.3893,-0.8943
-0.665,0.244,0.228,192.2,-50.6,-67.8,1023,2018,4,25,20,34,26.363,0.2405,-0.0688,0.3906,-0.8858
-0.604,0.233,0.229,200.1,-57.9,-48.8,1023,2018,4,25,20,34,26.402,0.262,-0.0974,0.3911,-0.8768
-0.61,0.3,0.445,198.1,-60.2,-29.7,1023,2018,4,25,20,34,26.422,0.2804,-0.1281,0.3914,-0.8669
-0.572,0.338,0.571,180.4,-54.6,-11.4,1023,2018,4,25,20,34,26.425,0.2949,-0.1581,0.3912,-0.8572
-0.544,0.331,0.531,162.6,-34.3,9.1,1023,2018,4,25,20,34,26.448,0.3053,-0.1858,0.3889,-0.849
-0.499,0.255,0.454,155,-13.7,26.3,0,2018,4,25,20,34,26.466,0.3124,-0.2115,0.383,-0.8431
-0.42,0.24,0.416,157,-23.7,41.7,0,2018,4,25,20,34,26.487,0.317,-0.2375,0.3756,-0.8377
-0.331,0.288,0.421,161.4,-40.5,60.3,0,2018,4,25,20,34,26.507,0.3184,-0.2659,0.3694,-0.8314
-0.258,0.219,0.544,162.5,-35.4,79.6,0,2018,4,25,20,34,26.525,0.3166,-0.2961,0.3626,-0.8249
-0.114,0.114,0.577,157.9,-15.4,85.8,0,2018,4,25,20,34,26.544,0.3131,-0.3258,0.353,-0.8192
0.051,0.075,0.512,154.9,13.4,79.7,0,2018,4,25,20,34,26.583,0.3107,-0.3531,0.3396,-0.8144
0.191,0.051,0.473,153.7,29,68.2,0,2018,4,25,20,34,26.606,0.3106,-0.378,0.3232,-0.8099
0.306,0.023,0.456,150.7,39.3,54.2,0,2018,4,25,20,34,26.61,0.3127,-0.4009,0.3058,-0.8049
0.45,-0.065,0.402,147.3,51.4,39.9,0,2018,4,25,20,34,26.627,0.3171,-0.4217,0.2882,-0.799
0.518,-0.13,0.358,145.3,69.1,23.9,0,2018,4,25,20,34,26.648,0.3244,-0.4401,0.2691,-0.7927
0.583,-0.2,0.322,145.9,80.1,4.6,0,2018,4,25,20,34,26.669,0.3351,-0.4564,0.2491,-0.7856
0.592,-0.212,0.309,142.3,77.8,-16.4,0,2018,4,25,20,34,26.689,0.3484,-0.4711,0.2302,-0.7768
0.582,-0.277,0.258,133.6,78.7,-37.8,0,2018,4,25,20,34,26.705,0.3639,-0.4839,0.2137,-0.7666
0.549,-0.365,0.21,124,110.2,-60.5,0,2018,4,25,20,34,26.727,0.3831,-0.4931,0.1972,-0.7556
0.515,-0.366,0.177,112.2,151.1,-81.7,0,2018,4,25,20,34,26.746,0.4078,-0.4971,0.178,-0.7448
0.414,-0.319,0.156,98.6,170.1,-102.1,0,2018,4,25,20,34,26.768,0.437,-0.4959,0.1572,-0.7336
0.359,-0.274,0.089,84.3,162.3,-119.5,0,2018,4,25,20,34,26.786,0.468,-0.4913,0.1383,-0.7213
0.313,-0.346,0.068,70.3,140.3,-134.8,0,2018,4,25,20,34,26.807,0.4985,-0.4854,0.1241,-0.7073
0.23,-0.369,0.15,51.7,120.2,-156.1,0,2018,4,25,20,34,26.825,0.5287,-0.478,0.1148,-0.6918
0.177,-0.309,0.128,29.6,109.2,-161.2,0,2018,4,25,20,34,26.864,0.5578,-0.469,0.1106,-0.6756
0.158,-0.259,0.077,5.4,99.5,-159.6,1023,2018,4,25,20,34,26.884,0.5853,-0.4574,0.1098,-0.6602
0.106,-0.26,0.01,-18.2,90.6,-154.6,1023,2018,4,25,20,34,26.888,0.6105,-0.4437,0.1122,-0.6462
0.05,-0.238,-0.053,-39.9,80.5,-149.6,1023,2018,4,25,20,34,26.928,0.6334,-0.428,0.1173,-0.6337
0.001,-0.194,-0.07,-60.1,58.3,-146,1023,2018,4,25,20,34,26.932,0.6536,-0.4115,0.1263,-0.6223
-0.063,-0.178,-0.077,-78.3,33.3,-141.9,1023,2018,4,25,20,34,26.948,0.6707,-0.3955,0.1396,-0.6117
-0.133,-0.218,-0.101,-93.4,12.9,-138.1,1023,2018,4,25,20,34,26.968,0.6847,-0.3801,0.1571,-0.6015
-0.21,-0.237,-0.111,-102.8,5.8,-132,1023,2018,4,25,20,34,26.987,0.6965,-0.3649,0.1769,-0.5919
-0.29,-0.257,-0.092,-110.2,4.2,-123.5,1023,2018,4,25,20,34,27.008,0.7063,-0.3492,0.1975,-0.5831
-0.357,-0.304,-0.061,-112.3,6.9,-108.7,1023,2018,4,25,20,34,27.026,0.7143,-0.333,0.2177,-0.5755
-0.505,-0.438,0.029,-113.1,19.2,-93.5,1023,2018,4,25,20,34,27.066,0.7206,-0.3162,0.2363,-0.5698
-0.604,-0.345,0.055,-111,26.1,-79.4,0,2018,4,25,20,34,27.086,0.7257,-0.2983,0.2527,-0.566
-0.611,-0.154,0.007,-106.4,1.7,-64.9,0,2018,4,25,20,34,27.09,0.7286,-0.2822,0.2685,-0.5632
-0.571,0.008,-0.067,-97.7,-44.1,-53.6,0,2018,4,25,20,34,27.11,0.7283,-0.2721,0.2865,-0.5597
-0.532,0.157,-0.128,-85.3,-90.4,-45.8,0,2018,4,25,20,34,27.131,0.7251,-0.2694,0.3071,-0.5541
-0.488,0.27,-0.183,-72,-119.3,-42,0,2018,4,25,20,34,27.151,0.7199,-0.273,0.3294,-0.5464
-0.447,0.367,-0.204,-57.2,-129.5,-39.3,0,2018,4,25,20,34,27.17,0.7138,-0.2803,0.3513,-0.5369
-0.435,0.384,-0.17,-40.9,-116.7,-33.9,0,2018,4,25,20,34,27.209,0.708,-0.2889,0.3708,-0.5269
-0.441,0.347,-0.108,-25.7,-81.3,-23.5,0,2018,4,25,20,34,27.213,0.7034,-0.2963,0.3854,-0.5185
-0.46,0.322,-0.026,-10,-34.3,-5.3,0,2018,4,25,20,34,27.228,0.7005,-0.3006,0.3934,-0.5137
-0.453,0.35,0.025,5.2,-4.8,18.4,0,2018,4,25,20,34,27.25,0.6989,-0.303,0.3948,-0.5136
-0.435,0.372,0.037,20.7,0.5,43.9,0,2018,4,25,20,34,27.271,0.6969,-0.3064,0.3915,-0.5167
-0.485,0.275,0.098,31.7,-3.9,66.7,0,2018,4,25,20,34,27.292,0.6936,-0.3129,0.3853,-0.522
-0.534,0.159,0.138,33.4,3.6,82.5,0,2018,4,25,20,34,27.31,0.6888,-0.3211,0.3772,-0.5291
-0.52,0.163,0.078,32,17.2,97.4,0,2018,4,25,20,34,27.331,0.6831,-0.3287,0.3671,-0.5388
-0.467,0.191,0.023,31.1,23.3,111,0,2018,4,25,20,34,27.352,0.6764,-0.3358,0.3552,-0.5508
-0.401,0.202,0.007,30.1,19,124,0,2018,4,25,20,34,27.372,0.6681,-0.3434,0.3425,-0.5641
-0.372,0.13,0.027,27.9,13.7,136.9,0,2018,4,25,20,34,27.394,0.6577,-0.3521,0.3296,-0.5784
-0.342,0.042,0.009,23.3,18.3,149.4,0,2018,4,25,20,34,27.407,0.6454,-0.3612,0.3163,-0.594
-0.305,0.018,-0.005,19.4,29.8,162.8,0,2018,4,25,20,34,27.445,0.6316,-0.3691,0.3013,-0.6114
-0.266,-0.018,0.014,14,34,174.4,0,2018,4,25,20,34,27.464,0.6163,-0.376,0.2849,-0.6305
-0.244,-0.094,0.041,6.8,24.2,184.8,0,2018,4,25,20,34,27.469,0.5986,-0.3827,0.2686,-0.6503
-0.224,-0.223,0.021,-2.9,11.5,194.1,1023,2018,4,25,20,34,27.51,0.578,-0.3897,0.2535,-0.6705
-0.195,-0.316,-0.008,-14.7,-2,201,1023,2018,4,25,20,34,27.531,0.5544,-0.3967,0.2403,-0.6909
-0.177,-0.385,-0.029,-30.2,-21.2,204,1023,2018,4,25,20,34,27.535,0.5278,-0.4033,0.2297,-0.7112
-0.124,-0.461,-0.098,-48.1,-51.4,202.1,1023,2018,4,25,20,34,27.554,0.498,-0.4096,0.2233,-0.7308
-0.041,-0.508,-0.19,-66.6,-87.6,195.8,1023,2018,4,25,20,34,27.574,0.465,-0.4158,0.223,-0.749
0.048,-0.523,-0.271,-87.5,-115.5,186.1,1023,2018,4,25,20,34,27.613,0.4291,-0.4211,0.2288,-0.7656
0.131,-0.513,-0.346,-110.4,-124.6,174.1,1023,2018,4,25,20,34,27.618,0.3916,-0.4237,0.2391,-0.7808
0.209,-0.519,-0.42,-131,-113.3,159.2,0,2018,4,25,20,34,27.636,0.3546,-0.422,0.2513,-0.7955
0.273,-0.552,-0.468,-146.4,-88.1,144.7,0,2018,4,25,20,34,27.654,0.3198,-0.4151,0.2626,-0.8101
0.258,-0.624,-0.425,-156.5,-61.3,134.8,0,2018,4,25,20,34,27.674,0.2875,-0.4038,0.2712,-0.825
0.13,-0.68,-0.282,-163.7,-40.9,130.7,0,2018,4,25,20,34,27.692,0.2571,-0.3892,0.2769,-0.84
-0.07,-0.569,-0.118,-169.2,-51.5,130.3,0,2018,4,25,20,34,27.712,0.2269,-0.3727,0.2816,-0.8545
-0.128,-0.24,-0.013,-177.6,-112.2,133.5,0,2018,4,25,20,34,27.732,0.1934,-0.3561,0.2915,-0.8664
-0.076,-0.053,-0.008,-189.5,-199.7,133.2,0,2018,4,25,20,34,27.769,0.1537,-0.3406,0.3138,-0.8728
0,0.042,-0.041,-200.8,-254,128.6,0,2018,4,25,20,34,27.79,0.109,-0.324,0.3464,-0.8735
0.055,0.072,-0.07,-209.4,-262.9,119.9,0,2018,4,25,20,34,27.793,0.0627,-0.3047,0.383,-0.8697
0.08,0.038,-0.047,-215.4,-234.3,106.3,0,2018,4,25,20,34,27.83,0.0181,-0.2821,0.4171,-0.8637
0.123,0.098,0.033,-217.5,-186.2,94.8,0,2018,4,25,20,34,27.85,-0.0227,-0.2564,0.4441,-0.8581
0.154,0.131,0.097,-216,-143.7,89.6,0,2018,4,25,20,34,27.852,-0.0605,-0.2302,0.463,-0.8537
0.195,0.153,0.14,-212.6,-105.1,89.1,0,2018,4,25,20,34,27.893,-0.0962,-0.2038,0.4747,-0.8507
0.184,0.096,0.181,-207.1,-83.3,90.8,0,2018,4,25,20,34,27.895,-0.1304,-0.1782,0.4813,-0.8482
0.159,0.057,0.251,-200.8,-52.3,92.1,0,2018,4,25,20,34,27.913,-0.1632,-0.154,0.4831,-0.8462
0.13,0.091,0.293,-192.7,-44.8,94.3,0,2018,4,25,20,34,27.934,-0.1947,-0.1313,0.4814,-0.8443
0.122,0.012,0.32,-184,-59.2,92.1,0,2018,4,25,20,34,27.954,-0.2254,-0.1095,0.4802,-0.8405
0.151,-0.141,0.308,-174.1,-66.5,79.1,0,2018,4,25,20,34,27.973,-0.254,-0.0879,0.4808,-0.8345
0.183,-0.139,0.242,-164.8,-63.7,62.1,0,2018,4,25,20,34,28.01,-0.2792,-0.0662,0.4816,-0.828
0.186,-0.159,0.226,-155.1,-75.4,42.6,0,2018,4,25,20,34,28.03,-0.3007,-0.0442,0.4829,-0.8211
0.19,-0.238,0.209,-146.2,-90.6,19.1,0,2018,4,25,20,34,28.033,-0.3181,-0.021,0.4869,-0.8131
0.233,-0.204,0.196,-138.4,-101.5,-4,0,2018,4,25,20,34,28.073,-0.3313,0.0039,0.4922,-0.8049
0.285,-0.098,0.148,-134.3,-122.6,-23.6,0,2018,4,25,20,34,28.092,-0.3406,0.0307,0.4999,-0.7956
0.341,-0.046,0.051,-130.9,-132.4,-39.2,1023,2018,4,25,20,34,28.097,-0.3468,0.0596,0.5096,-0.7851
0.385,0.045,-0.029,-126,-118.2,-51.3,1023,2018,4,25,20,34,28.113,-0.3504,0.0889,0.5185,-0.7748
0.384,0.067,-0.066,-122.6,-84.8,-62.9,1023,2018,4,25,20,34,28.153,-0.3522,0.1171,0.5234,-0.7669
0.392,0.162,-0.069,-118.8,-47.6,-71.9,1023,2018,4,25,20,34,28.172,-0.3526,0.1434,0.5231,-0.7624
0.401,0.224,-0.055,-115.9,-24.8,-77.6,1023,2018,4,25,20,34,28.175,-0.3523,0.1679,0.5186,-0.7607
0.384,0.268,-0.046,-112.5,-11.5,-79,1023,2018,4,25,20,34,28.196,-0.3515,0.191,0.5115,-0.7603
0.348,0.249,-0.031,-108.4,-4,-78.2,1023,2018,4,25,20,34,28.216,-0.3505,0.2131,0.503,-0.7606
0.314,0.228,-0.03,-102.4,-0.6,-74.9,1023,2018,4,25,20,34,28.236,-0.3494,0.2339,0.4939,-0.761
0.306,0.181,-0.052,-92.5,-1.5,-68.6,0,2018,4,25,20,34,28.258,-0.3481,0.253,0.4851,-0.7612
0.354,0.138,-0.066,-77.3,-11.8,-53.1,0,2018,4,25,20,34,28.278,-0.3468,0.27,0.4778,-0.7605
0.226,-0.206,0.064,-65.3,-9,-40.7,0,2018,4,25,20,34,28.298,-0.346,0.2839,0.4731,-0.7587
0.083,-0.288,0.115,-58.1,18.9,-39.9,0,2018,4,25,20,34,28.318,-0.3457,0.2954,0.4668,-0.7584
0.023,-0.073,0.061,-56.8,39.4,-37.2,0,2018,4,25,20,34,28.338,-0.3468,0.3043,0.4572,-0.7602
0.005,0.064,-0.007,-54.3,42.7,-34.1,0,2018,4,25,20,34,28.378,-0.3489,0.3119,0.4462,-0.7627
-0.007,0.211,-0.072,-47.6,27.5,-27.7,0,2018,4,25,20,34,28.38,-0.3507,0.3191,0.4363,-0.7646
-0.048,0.265,-0.103,-38.7,7.9,-20.8,0,2018,4,25,20,34,28.396,-0.3518,0.3256,0.43,-0.765
-0.068,0.337,-0.131,-28.3,-0.7,-11.7,0,2018,4,25,20,34,28.435,-0.3525,0.3312,0.4264,-0.7642
-0.075,0.442,-0.139,-18.4,4.2,7.7,0,2018,4,25,20,34,28.455,-0.354,0.3342,0.4245,-0.7633
-0.12,0.604,-0.122,-14.3,19,53,0,2018,4,25,20,34,28.458,-0.3598,0.3334,0.4232,-0.7616
-0.258,0.682,-0.162,-20.5,23.9,114.2,0,2018,4,25,20,34,28.494,-0.3738,0.3281,0.4237,-0.7569
-0.4,0.681,-0.251,-31.7,15.9,171.9,0,2018,4,25,20,34,28.512,-0.3962,0.3197,0.4269,-0.7473
-0.535,0.655,-0.355,-38.8,-13.2,224.5,0,2018,4,25,20,34,28.518,-0.4249,0.3093,0.4347,-0.7312
-0.667,0.434,-0.335,-41.8,-29,268.6,0,2018,4,25,20,34,28.56,-0.458,0.2972,0.4479,-0.7079
-0.831,-0.05,-0.178,-45.2,15.7,286.9,0,2018,4,25,20,34,28.579,-0.4949,0.2812,0.4597,-0.6815
-0.771,-0.148,-0.138,-40.2,94.1,285.7,0,2018,4,25,20,34,28.583,-0.5345,0.2581,0.4629,-0.6582
-0.774,0.004,-0.041,-16.2,129.2,275,0,2018,4,25,20,34,28.599,-0.5736,0.2269,0.4589,-0.6394
-0.7,0.187,0.196,3.1,94,255.8,0,2018,4,25,20,34,28.619,-0.6074,0.1942,0.4551,-0.6213
-0.708,-0.069,0.387,16.4,-36.6,221.7,0,2018,4,25,20,34,28.64,-0.6328,0.1706,0.4611,-0.5981
-0.525,-0.234,0.202,25.3,-149.5,193.1,0,2018,4,25,20,34,28.659,-0.649,0.1627,0.4797,-0.5674
-0.222,-0.559,-0.049,41.9,-130.4,166.9,0,2018,4,25,20,34,28.68,-0.6659,0.1635,0.5298,-0.4989
-0.162,-0.697,-0.038,46.1,-16.8,159.1,0,2018,4,25,20,34,28.701,-0.6735,0.153,0.5459,-0.4742
-0.088,-0.674,-0.033,52.9,96.2,149.4,1023,2018,4,25,20,34,28.721,-0.6824,0.1287,0.5519,-0.4615
-0.077,-0.575,0,62.8,169.7,138.1,1023,2018,4,25,20,34,28.757,-0.6909,0.0934,0.5508,-0.4587
-0.043,-0.454,0.044,70.8,185.8,128.6,1023,2018,4,25,20,34,28.776,-0.6974,0.0526,0.5461,-0.461
0.078,-0.35,0.078,70.3,134.8,119.8,1023,2018,4,25,20,34,28.783,-0.7015,0.0151,0.5424,-0.4618
0.231,-0.407,0.069,65.6,57.9,114.8,1023,2018,4,25,20,34,28.802,-0.7045,-0.0127,0.5433,-0.4563
0.318,-0.417,0.069,54.7,-11.2,109.6,1023,2018,4,25,20,34,28.822,-0.7073,-0.0311,0.5488,-0.4443
0.4,-0.611,0.07,38.2,-58.8,103.5,1023,2018,4,25,20,34,28.84,-0.7111,-0.0403,0.557,-0.4269
0.488,-0.724,0.076,20.9,-63.7,93,1023,2018,4,25,20,34,28.86,-0.7158,-0.0445,0.5648,-0.408
0.563,-0.776,0.09,2.4,-41.5,79,0,2018,4,25,20,34,28.882,-0.721,-0.0474,0.5694,-0.3919
0.627,-0.773,0.12,-14.9,-10.2,62.1,0,2018,4,25,20,34,28.901,-0.7265,-0.0511,0.5697,-0.3805
0.664,-0.739,0.156,-31.9,9.8,44.9,0,2018,4,25,20,34,28.922,-0.7323,-0.0553,0.5662,-0.3741
0.674,-0.723,0.175,-48,14,28.9,0,2018,4,25,20,34,28.941,-0.7384,-0.0584,0.56,-0.371
0.569,-0.866,0.273,-66.4,16.6,13.8,0,2018,4,25,20,34,28.979,-0.7451,-0.0587,0.5515,-0.3703
0.352,-0.987,0.4,-88.8,33.3,3.1,0,2018,4,25,20,34,28.997,-0.7527,-0.0578,0.5397,-0.3724
0.185,-1.025,0.468,-117,58.2,-4.6,0,2018,4,25,20,34,29.002,-0.7617,-0.0574,0.5231,-0.3777
0.098,-0.885,0.449,-143.1,71.5,-18.5,0,2018,4,25,20,34,29.041,-0.7719,-0.057,0.5013,-0.3866
0.142,-0.567,0.362,-161.4,39.6,-34.3,0,2018,4,25,20,34,29.061,-0.7825,-0.0526,0.4768,-0.3968
0.23,-0.276,0.206,-164.3,-38.9,-51.7,0,2018,4,25,20,34,29.065,-0.7927,-0.0379,0.4546,-0.4042
0.268,-0.096,0.035,-151.2,-124.2,-74.5,0,2018,4,25,20,34,29.081,-0.8008,-0.0102,0.439,-0.4071
0.249,-0.134,0.009,-133.2,-185.2,-106.9,0,2018,4,25,20,34,29.102,-0.8048,0.029,0.4302,-0.4076
0.16,-0.291,0.069,-110.9,-197.1,-145.7,0,2018,4,25,20,34,29.121,-0.8031,0.0746,0.426,-0.4097
-0.049,-0.445,0.173,-85,-144.8,-184.6,0,2018,4,25,20,34,29.159,-0.7953,0.1184,0.4222,-0.4183
-0.294,-0.47,0.238,-61.3,-59.8,-217.8,0,2018,4,25,20,34,29.18,-0.7829,0.1529,0.4152,-0.4371
-0.522,-0.306,0.265,-37.7,40.5,-249.2,0,2018,4,25,20,34,29.184,-0.7674,0.1742,0.403,-0.467
-0.721,-0.192,0.283,-11.5,102,-277.8,0,2018,4,25,20,34,29.203,-0.749,0.1843,0.3852,-0.5064
-0.739,-0.078,0.259,16.3,123.4,-295.3,0,2018,4,25,20,34,29.226,-0.7261,0.1875,0.3656,-0.5512
-0.731,0.191,0.247,35.8,98.7,-296.4,0,2018,4,25,20,34,29.245,-0.6982,0.1889,0.3478,-0.5964
-0.616,0.203,0.139,38.8,44.8,-280.5,0,2018,4,25,20,34,29.264,-0.6673,0.1935,0.335,-0.6362
-0.431,0.191,-0.056,46.7,8.1,-266.1,0,2018,4,25,20,34,29.283,-0.6345,0.2018,0.3277,-0.6701
-0.333,0.272,-0.252,61.7,-8.7,-249,0,2018,4,25,20,34,29.303,-0.6006,0.2104,0.3244,-0.6997
-0.278,0.314,-0.339,73.7,-2.5,-229.9,1023,2018,4,25,20,34,29.323,-0.5668,0.2165,0.323,-0.7262
-0.246,0.341,-0.395,80.9,17.6,-208.8,1023,2018,4,25,20,34,29.343,-0.5345,0.2183,0.3209,-0.7506
-0.205,0.374,-0.417,83.9,40,-184.5,1023,2018,4,25,20,34,29.381,-0.5051,0.216,0.3166,-0.7732
-0.167,0.394,-0.45,84.2,57,-158,1023,2018,4,25,20,34,29.402,-0.479,0.2095,0.3106,-0.7937
-0.135,0.424,-0.469,83.9,60.1,-128.3,1023,2018,4,25,20,34,29.406,-0.4567,0.2007,0.3038,-0.8116
-0.115,0.4,-0.491,84.3,53,-97.7,1023,2018,4,25,20,34,29.425,-0.4382,0.1901,0.2984,-0.8262
-0.104,0.372,-0.509,87.5,43.8,-66.2,1023,2018,4,25,20,34,29.444,-0.4236,0.1784,0.295,-0.8376
-0.1,0.359,-0.522,94.3,32.2,-34.5,1023,2018,4,25,20,34,29.484,-0.4128,0.1648,0.2945,-0.8459
-0.129,0.322,-0.488,106.6,20.6,-1,0,2018,4,25,20,34,29.505,-0.4058,0.1489,0.2974,-0.8512
-0.257,0.145,-0.382,118.4,24.7,26.9,0,2018,4,25,20,34,29.507,-0.4026,0.1298,0.3025,-0.8541
-0.294,0.233,-0.34,131.9,26.8,48,0,2018,4,25,20,34,29.544,-0.4021,0.1072,0.3081,-0.8554
-0.373,0.352,-0.295,149.2,11.8,74.2,0,2018,4,25,20,34,29.547,-0.4039,0.0814,0.316,-0.8545
-0.403,0.292,-0.195,169.8,-0.3,103,0,2018,4,25,20,34,29.563,-0.4083,0.0523,0.3277,-0.8503
-0.493,0.129,-0.014,190.5,3.4,125.3,0,2018,4,25,20,34,29.601,-0.4148,0.0188,0.3413,-0.8432
-0.614,-0.185,0.231,203.5,37.5,133.1,0,2018,4,25,20,34,29.622,-0.4219,-0.0195,0.3532,-0.8347
-0.566,-0.274,0.4,217.5,89,117.8,0,2018,4,25,20,34,29.625,-0.4266,-0.0628,0.3586,-0.8278
-0.498,-0.197,0.538,226,132.9,92.4,0,2018,4,25,20,34,29.665,-0.4261,-0.1099,0.3572,-0.8238
-0.427,-0.226,0.691,224.3,152.5,54.1,0,2018,4,25,20,34,29.669,-0.4195,-0.1582,0.3507,-0.8221
-0.235,-0.227,0.69,213.8,135.8,11.6,0,2018,4,25,20,34,29.684,-0.4062,-0.2021,0.3442,-0.8219
-0.014,-0.217,0.61,196.7,108.5,-21.6,0,2018,4,25,20,34,29.707,-0.3884,-0.2395,0.3413,-0.8217
0.191,-0.177,0.503,176.2,89.4,-43.3,0,2018,4,25,20,34,29.726,-0.368,-0.2706,0.3411,-0.8215
0.403,-0.203,0.383,159.2,83.7,-54.3,0,2018,4,25,20,34,29.746,-0.3468,-0.2967,0.342,-0.8213
0.521,-0.249,0.322,146.4,104.8,-61.6,0,2018,4,25,20,34,29.765,-0.3243,-0.3205,0.3406,-0.8221
0.591,-0.285,0.275,135.8,132.3,-70.7,0,2018,4,25,20,34,29.803,-0.2995,-0.3433,0.335,-0.8246
0.632,-0.327,0.25,125.2,164,-80.8,0,2018,4,25,20,34,29.823,-0.2719,-0.3652,0.3247,-0.8289
0.613,-0.376,0.214,116.6,198.5,-92.5,0,2018,4,25,20,34,29.827,-0.2406,-0.386,0.3095,-0.835
0.566,-0.449,0.222,107.2,229.9,-106.8,0,2018,4,25,20,34,29.848,-0.2052,-0.4055,0.2892,-0.8424
0.51,-0.55,0.285,98.7,260.9,-122.1,0,2018,4,25,20,34,29.867,-0.1654,-0.4232,0.2644,-0.8506
0.389,-0.61,0.354,83.7,287.5,-137,0,2018,4,25,20,34,29.905,-0.1212,-0.4381,0.2353,-0.859
0.312,-0.582,0.37,63.7,293.6,-150.2,0,2018,4,25,20,34,29.924,-0.0739,-0.4487,0.2036,-0.8669
0.29,-0.578,0.331,44.7,280.8,-155.5,1023,2018,4,25,20,34,29.928,-0.0261,-0.4543,0.1725,-0.8735
0.277,-0.622,0.323,29.8,267.6,-154.1,1023,2018,4,25,20,34,29.949,0.0202,-0.4558,0.1431,-0.8782
0.231,-0.662,0.343,13.7,269,-148.7,1023,2018,4,25,20,34,29.969,0.0652,-0.4538,0.1139,-0.8813
0.165,-0.679,0.33,-7.4,278.9,-141.3,1023,2018,4,25,20,34,29.988,0.1092,-0.4476,0.0831,-0.8836
0.109,-0.691,0.313,-31.6,284.7,-130.5,1023,2018,4,25,20,34,30.006,0.1518,-0.4365,0.0504,-0.8853
0.076,-0.678,0.307,-54.1,276.4,-117.3,1023,2018,4,25,20,34,30.047,0.1918,-0.4206,0.0174,-0.8865
0.029,-0.663,0.295,-75.9,251.1,-102.2,1023,2018,4,25,20,34,30.066,0.2277,-0.4007,-0.0132,-0.8873
0.001,-0.647,0.268,-96.2,205.6,-88.9,1023,2018,4,25,20,34,30.07,0.2583,-0.378,-0.0385,-0.8881
-0.023,-0.663,0.227,-115.4,152.8,-78.8,0,2018,4,25,20,34,30.089,0.2835,-0.3538,-0.0556,-0.8895
-0.04,-0.697,0.165,-132.7,110.3,-72.8,0,2018,4,25,20,34,30.109,0.3043,-0.3285,-0.0649,-0.8917
-0.07,-0.733,0.08,-147.2,78.9,-70.2,0,2018,4,25,20,34,30.136,0.3221,-0.3024,-0.0677,-0.8945
-0.119,-0.767,0.016,-159.1,60,-69.9,0,2018,4,25,20,34,30.155,0.3383,-0.2752,-0.066,-0.8974
-0.177,-0.732,-0.025,-169.2,42.3,-71.4,0,2018,4,25,20,34,30.169,0.3536,-0.2471,-0.0609,-0.9001
-0.24,-0.675,-0.088,-177.3,16.2,-72.4,0,2018,4,25,20,34,30.206,0.3678,-0.2186,-0.0516,-0.9023
-0.29,-0.609,-0.158,-180.7,-15.8,-73,0,2018,4,25,20,34,30.228,0.3807,-0.1909,-0.0372,-0.904
-0.347,-0.561,-0.203,-179.1,-47.7,-74.4,0,2018,4,25,20,34,30.233,0.3922,-0.165,-0.0176,-0.9047
-0.388,-0.506,-0.239,-174.9,-76.1,-78,0,2018,4,25,20,34,30.249,0.4027,-0.1415,0.0066,-0.9042
-0.428,-0.442,-0.291,-170,-98.8,-83.9,0,2018,4,25,20,34,30.269,0.4128,-0.1203,0.0347,-0.9021
-0.431,-0.353,-0.375,-160,-117.7,-91.4,0,2018,4,25,20,34,30.287,0.423,-0.1014,0.0656,-0.898
-0.428,-0.277,-0.423,-140.4,-130.2,-99.5,0,2018,4,25,20,34,30.308,0.4337,-0.0859,0.0979,-0.8915
-0.445,-0.212,-0.428,-115.1,-130.4,-107.5,0,2018,4,25,20,34,30.331,0.4454,-0.0742,0.1294,-0.8827
-0.461,-0.143,-0.406,-87.2,-123.9,-114.9,0,2018,4,25,20,34,30.352,0.4584,-0.066,0.1582,-0.8719
-0.479,-0.067,-0.342,-61.2,-111.5,-119.1,0,2018,4,25,20,34,30.373,0.4727,-0.0609,0.1833,-0.8597
-0.49,0.022,-0.319,-38.1,-96,-117.9,0,2018,4,25,20,34,30.391,0.4877,-0.0583,0.204,-0.8468
-0.486,0.118,-0.332,-16.2,-84.5,-111.3,0,2018,4,25,20,34,30.429,0.5026,-0.0578,0.2205,-0.8338
-0.485,0.16,-0.325,4,-74.6,-100.7,0,2018,4,25,20,34,30.447,0.5169,-0.0599,0.2336,-0.8213
-0.504,0.202,-0.28,23.3,-62.5,-87.5,0,2018,4,25,20,34,30.452,0.5302,-0.0643,0.243,-0.8097
-0.504,0.204,-0.26,41.2,-52,-74.1,0,2018,4,25,20,34,30.486,0.5422,-0.0706,0.2489,-0.7994
-0.519,0.188,-0.257,62.7,-42.8,-60.9,0,2018,4,25,20,34,30.507,0.5532,-0.0795,0.2513,-0.7901
-0.535,0.196,-0.237,88.2,-36.5,-44.4,0,2018,4,25,20,34,30.511,0.5631,-0.0914,0.25,-0.7822
-0.595,0.237,-0.099,113.6,-34,-22.4,0,2018,4,25,20,34,30.531,0.5715,-0.1073,0.2452,-0.7756
-0.624,0.254,0.064,129.2,-35.9,1.2,1023,2018,4,25,20,34,30.55,0.5773,-0.1269,0.2378,-0.7706
-0.613,0.268,0.2,130,-39.4,24.2,1023,2018,4,25,20,34,30.59,0.5799,-0.1488,0.2293,-0.7673
-0.529,0.303,0.114,125.9,-50.1,43.6,1023,2018,4,25,20,34,30.594,0.5791,-0.1718,0.2213,-0.7655
-0.448,0.318,0.003,123.6,-63.7,60.6,1023,2018,4,25,20,34,30.612,0.5749,-0.1962,0.2147,-0.7646
-0.38,0.327,0.013,121.2,-69,74.4,1023,2018,4,25,20,34,30.633,0.5679,-0.2218,0.209,-0.7644
-0.351,0.299,0.186,111.5,-65.6,86.8,1023,2018,4,25,20,34,30.672,0.5585,-0.247,0.2032,-0.7652
-0.3,0.283,0.297,93.9,-61.7,100.7,1023,2018,4,25,20,34,30.691,0.5467,-0.2701,0.1975,-0.7674
-0.231,0.257,0.32,77.3,-59.5,118.1,1023,2018,4,25,20,34,30.695,0.5319,-0.2909,0.1923,-0.7716
-0.213,0.227,0.356,65.7,-60.8,135.7,1023,2018,4,25,20,34,30.713,0.5139,-0.3102,0.1872,-0.7775
-0.232,0.119,0.438,54.6,-66.3,148.9,0,2018,4,25,20,34,30.731,0.4927,-0.3286,0.1826,-0.7847
-0.207,0.032,0.496,44.4,-69.8,155,0,2018,4,25,20,34,30.753,0.4692,-0.3459,0.1789,-0.7925
-0.113,-0.015,0.503,38,-68,153.6,0,2018,4,25,20,34,30.789,0.4446,-0.3619,0.1759,-0.8002
-0.033,-0.002,0.5,38.2,-57.5,145.6,0,2018,4,25,20,34,30.809,0.4206,-0.3765,0.1721,-0.8072
0.029,0.057,0.489,38.4,-48.8,132.8,0,2018,4,25,20,34,30.811,0.3985,-0.3898,0.1675,-0.813
0.068,0.106,0.438,36.8,-53.8,116,0,2018,4,25,20,34,30.848,0.3785,-0.4021,0.1633,-0.8174
0.145,0.079,0.369,33.4,-74,99.5,0,2018,4,25,20,34,30.87,0.3595,-0.4144,0.1626,-0.82
0.242,-0.014,0.328,27.2,-78.1,86,0,2018,4,25,20,34,30.873,0.3415,-0.4261,0.1651,-0.8212
0.339,-0.097,0.285,21.6,-61.4,75.3,0,2018,4,25,20,34,30.911,0.3254,-0.436,0.1679,-0.822
0.414,-0.145,0.233,16.7,-25.2,69.1,0,2018,4,25,20,34,30.931,0.3122,-0.4433,0.1676,-0.8232
0.464,-0.15,0.171,12,15.6,64.4,0,2018,4,25,20,34,30.934,0.3029,-0.4475,0.1621,-0.8256
0.484,-0.19,0.145,7.2,52.3,59.4,0,2018,4,25,20,34,30.952,0.2969,-0.4487,0.1516,-0.8291
0.498,-0.238,0.137,1.2,75.4,52.7,0,2018,4,25,20,34,30.973,0.294,-0.4474,0.1375,-0.8333
0.477,-0.258,0.122,-5.6,89,45.2,0,2018,4,25,20,34,30.994,0.2933,-0.4439,0.1216,-0.8379
0.447,-0.323,0.122,-14.3,95.4,35.8,0,2018,4,25,20,34,31.013,0.2943,-0.4384,0.1053,-0.8425
0.447,-0.325,0.122,-24.8,89,25.8,0,2018,4,25,20,34,31.032,0.2966,-0.4312,0.0902,-0.8472
0.456,-0.292,0.082,-34,69.8,18,0,2018,4,25,20,34,31.072,0.299,-0.4229,0.0783,-0.8517
0.426,-0.297,0.061,-40,48.3,11.3,0,2018,4,25,20,34,31.093,0.3005,-0.4145,0.0706,-0.856
0.365,-0.343,0.07,-45.9,25.2,0.8,0,2018,4,25,20,34,31.097,0.3017,-0.4062,0.0668,-0.8599
0.328,-0.364,0.095,-54.3,3.6,-8.4,0,2018,4,25,20,34,31.116,0.3027,-0.3979,0.0677,-0.8633
0.28,-0.496,0.172,-63.7,-9.3,-24.7,0,2018,4,25,20,34,31.151,0.3041,-0.3889,0.0727,-0.8665
0.149,-0.532,0.291,-76.2,-6.2,-39.9,0,2018,4,25,20,34,31.171,0.3076,-0.3784,0.0797,-0.8693
0.072,-0.555,0.331,-79.9,2.5,-53.5,0,2018,4,25,20,34,31.175,0.3135,-0.3658,0.0875,-0.8718
-0.111,-0.376,0.285,-77.4,18.1,-62.5,1023,2018,4,25,20,34,31.21,0.3218,-0.3523,0.094,-0.8737
-0.321,-0.283,0.325,-81.6,12.3,-72.9,1023,2018,4,25,20,34,31.231,0.3319,-0.3383,0.1004,-0.8747
-0.4,-0.288,0.347,-91.3,-23.5,-94.6,1023,2018,4,25,20,34,31.235,0.3428,-0.3245,0.1113,-0.8744
-0.347,-0.276,0.243,-96.4,-77.2,-121.4,1023,2018,4,25,20,34,31.275,0.3543,-0.3118,0.1313,-0.8717
-0.308,-0.188,0.141,-91,-108.8,-144.5,1023,2018,4,25,20,34,31.293,0.3671,-0.3002,0.1591,-0.8658
-0.338,-0.146,0.136,-79.1,-101.8,-161.9,1023,2018,4,25,20,34,31.297,0.3821,-0.2897,0.1889,-0.8569
-0.414,-0.082,0.203,-69.6,-68.7,-175.3,1023,2018,4,25,20,34,31.317,0.4004,-0.2786,0.215,-0.846
-0.503,0.043,0.228,-65.1,-37.1,-184.6,0,2018,4,25,20,34,31.339,0.4218,-0.2652,0.2359,-0.8342
-0.553,0.132,0.182,-62,-13.9,-187.8,0,2018,4,25,20,34,31.357,0.445,-0.2498,0.2526,-0.8219
-0.579,0.215,0.133,-58.3,0.7,-187.8,0,2018,4,25,20,34,31.392,0.4688,-0.2332,0.2662,-0.8092
-0.615,0.248,0.125,-56.6,10.3,-183.3,0,2018,4,25,20,34,31.412,0.4923,-0.2158,0.2774,-0.7962
-0.638,0.284,0.111,-56.7,13.4,-174.1,0,2018,4,25,20,34,31.416,0.5146,-0.1981,0.2871,-0.7831
-0.652,0.302,0.07,-56.5,15.4,-158.8,0,2018,4,25,20,34,31.453,0.5348,-0.1806,0.2959,-0.7705
-0.625,0.317,0.016,-55.3,20.1,-137,0,2018,4,25,20,34,31.474,0.5521,-0.1637,0.3033,-0.7591
-0.62,0.317,-0.023,-53.7,27.9,-111.8,0,2018,4,25,20,34,31.479,0.5662,-0.1476,0.3088,-0.7497
-0.618,0.34,-0.053,-54.2,32.4,-85,0,2018,4,25,20,34,31.498,0.5768,-0.1321,0.3126,-0.7429
-0.604,0.381,-0.124,-54.8,28.7,-56.1,0,2018,4,25,20,34,31.517,0.5835,-0.118,0.3157,-0.7387
-0.575,0.423,-0.187,-54.7,19.5,-25.3,0,2018,4,25,20,34,31.555,0.5861,-0.1063,0.3189,-0.7371
-0.545,0.453,-0.244,-53.1,7.5,5.9,0,2018,4,25,20,34,31.575,0.5845,-0.0975,0.3229,-0.7379
-0.497,0.485,-0.304,-49.5,-7.1,37.7,0,2018,4,25,20,34,31.579,0.5786,-0.0921,0.3278,-0.741
-0.455,0.481,-0.335,-43.7,-16.6,69.7,0,2018,4,25,20,34,31.599,0.5686,-0.0905,0.3333,-0.7465
-0.433,0.423,-0.325,-37.3,-12.7,100.7,0,2018,4,25,20,34,31.619,0.5547,-0.0918,0.338,-0.7546
-0.412,0.395,-0.324,-29.8,2.1,131.9,0,2018,4,25,20,34,31.638,0.5371,-0.0949,0.34,-0.766
-0.403,0.357,-0.32,-21.2,21.7,165.2,0,2018,4,25,20,34,31.659,0.5156,-0.0991,0.3381,-0.7809
-0.423,0.285,-0.269,-11.6,42.8,198.5,0,2018,4,25,20,34,31.677,0.49,-0.1047,0.3318,-0.7992
-0.466,0.163,-0.175,-3.7,63.1,228,0,2018,4,25,20,34,31.697,0.4603,-0.1114,0.3207,-0.8202
-0.545,-0.039,-0.005,0.8,76.8,251.5,0,2018,4,25,20,34,31.719,0.4267,-0.1189,0.3056,-0.8428
-0.584,-0.132,0.064,1.5,72.5,270.4,0,2018,4,25,20,34,31.739,0.3893,-0.1272,0.2886,-0.8653
-0.614,-0.148,0.052,4.7,55.9,293.2,0,2018,4,25,20,34,31.759,0.3478,-0.1372,0.2719,-0.8866
-0.659,-0.252,0.123,4,22.6,312.4,0,2018,4,25,20,34,31.78,0.3014,-0.1498,0.2579,-0.9056
-0.721,-0.459,0.191,-3.2,-12.1,326.1,0,2018,4,25,20,34,31.819,0.2505,-0.1638,0.2484,-0.9212
-0.763,-0.616,0.173,-16.6,-38.8,334.1,1023,2018,4,25,20,34,31.839,0.1956,-0.1774,0.2433,-0.9332
-0.719,-0.655,0.057,-33.4,-56.2,331,1023,2018,4,25,20,34,31.843,0.1384,-0.1887,0.2413,-0.9417
-0.625,-0.625,-0.084,-47.6,-74.9,318.8,1023,2018,4,25,20,34,31.86,0.0807,-0.1968,0.2419,-0.9466
-0.52,-0.546,-0.178,-58.2,-100.4,303.7,1023,2018,4,25,20,34,31.879,0.024,-0.202,0.2461,-0.9476
-0.411,-0.481,-0.252,-67.6,-126.9,288.6,1023,2018,4,25,20,34,31.898,-0.0317,-0.2044,0.2544,-0.9447
-0.301,-0.42,-0.311,-75.9,-145.1,277.1,1023,2018,4,25,20,34,31.92,-0.0864,-0.2039,0.266,-0.9381
-0.222,-0.395,-0.368,-83.7,-152.7,269.2,1023,2018,4,25,20,34,31.939,-0.1401,-0.2008,0.279,-0.9285
-0.165,-0.457,-0.44,-88.8,-144.5,263.9,0,2018,4,25,20,34,31.979,-0.1927,-0.1957,0.2912,-0.9163
-0.118,-0.517,-0.457,-89.4,-115.2,258.8,0,2018,4,25,20,34,31.999,-0.2432,-0.1901,0.2997,-0.9026
-0.077,-0.513,-0.429,-85.2,-85.6,254.4,0,2018,4,25,20,34,32.003,-0.291,-0.1853,0.3027,-0.8883
-0.07,-0.538,-0.368,-80.6,-63.4,251.6,0,2018,4,25,20,34,32.021,-0.3364,-0.182,0.3015,-0.8733
-0.032,-0.542,-0.345,-72.9,-56.8,248.1,0,2018,4,25,20,34,32.041,-0.3798,-0.18,0.2977,-0.8571
0.006,-0.549,-0.312,-62.4,-74.1,242.2,0,2018,4,25,20,34,32.079,-0.4214,-0.1782,0.2949,-0.8387
0.034,-0.564,-0.279,-51.1,-102.1,235.2,0,2018,4,25,20,34,32.1,-0.4614,-0.1756,0.2961,-0.8175
0.037,-0.615,-0.226,-43,-124.3,226.4,0,2018,4,25,20,34,32.104,-0.4995,-0.1718,0.3016,-0.7937
0.056,-0.642,-0.183,-38.4,-134,216.1,0,2018,4,25,20,34,32.12,-0.5353,-0.1666,0.3094,-0.768
0.092,-0.608,-0.174,-34.9,-135.7,205.1,0,2018,4,25,20,34,32.159,-0.5685,-0.1606,0.318,-0.7414
0.143,-0.575,-0.157,-32.2,-137.3,195.7,0,2018,4,25,20,34,32.177,-0.5992,-0.154,0.3267,-0.7144
0.164,-0.565,-0.114,-28.6,-138,188.3,0,2018,4,25,20,34,32.181,-0.6279,-0.1468,0.3354,-0.6867
0.159,-0.522,-0.068,-26.2,-136.8,182.8,0,2018,4,25,20,34,32.22,-0.6544,-0.1396,0.344,-0.6585
0.202,-0.418,-0.057,-23.5,-142.5,179.4,0,2018,4,25,20,34,32.239,-0.6793,-0.132,0.3527,-0.6297
0.263,-0.345,-0.022,-21.3,-152.3,178.6,0,2018,4,25,20,34,32.243,-0.7029,-0.1233,0.3622,-0.5995
0.297,-0.34,0.032,-22.3,-156.8,182.5,0,2018,4,25,20,34,32.264,-0.7257,-0.1137,0.3717,-0.5675
0.33,-0.428,0.064,-27.7,-154.5,185.2,0,2018,4,25,20,34,32.283,-0.7478,-0.1037,0.3802,-0.5341
0.439,-0.493,0.112,-34,-134.5,169.7,0,2018,4,25,20,34,32.301,-0.7881,-0.0842,0.3913,-0.4675
0.498,-0.517,0.171,-34,-125.7,151.9,0,2018,4,25,20,34,32.338,-0.8048,-0.0748,0.3946,-0.4368
0.54,-0.6,0.237,-34.4,-116,128.2,0,2018,4,25,20,34,32.358,-0.8189,-0.0651,0.3971,-0.4091
0.577,-0.658,0.247,-33.6,-99.8,100.3,0,2018,4,25,20,34,32.362,-0.8302,-0.0556,0.3986,-0.3856
0.61,-0.644,0.244,-30.1,-84,72,0,2018,4,25,20,34,32.399,-0.8387,-0.0464,0.3993,-0.3671
0.596,-0.626,0.253,-26.5,-70.2,44.3,1023,2018,4,25,20,34,32.419,-0.8448,-0.0378,0.3997,-0.3536
0.576,-0.586,0.241,-24.6,-63.4,18.4,1023,2018,4,25,20,34,32.423,-0.8487,-0.029,0.3999,-0.3446
0.535,-0.572,0.236,-22.5,-60,-5.9,1023,2018,4,25,20,34,32.445,-0.8509,-0.0191,0.4001,-0.3396
0.474,-0.581,0.248,-19.6,-50.4,-29.9,1023,2018,4,25,20,34,32.464,-0.8514,-0.0086,0.4005,-0.3385
0.39,-0.583,0.257,-17.2,-31.6,-54.7,1023,2018,4,25,20,34,32.502,-0.8501,0.0012,0.4003,-0.3421
0.281,-0.58,0.28,-17.3,-10.7,-80,1023,2018,4,25,20,34,32.507,-0.847,0.0098,0.3991,-0.3507
0.189,-0.542,0.287,-18.5,11.4,-104.1,1023,2018,4,25,20,34,32.523,-0.8425,0.0172,0.3962,-0.3644
0.112,-0.495,0.287,-21.9,23.5,-128,1023,2018,4,25,20,34,32.561,-0.8363,0.0236,0.3917,-0.3828
0.047,-0.444,0.247,-25,31.3,-149.9,0,2018,4,25,20,34,32.563,-0.8283,0.0303,0.3858,-0.4049
0.019,-0.339,0.183,-28.4,32.3,-168,0,2018,4,25,20,34,32.58,-0.8186,0.0379,0.3788,-0.4299
0.001,-0.282,0.114,-29.3,25.5,-181.6,0,2018,4,25,20,34,32.619,-0.8071,0.0471,0.3714,-0.4564
-0.016,-0.224,0.045,-27.1,22.9,-193.5,0,2018,4,25,20,34,32.64,-0.7936,0.0579,0.3638,-0.4841
-0.06,-0.194,-0.004,-21.6,28.1,-200.3,0,2018,4,25,20,34,32.643,-0.7782,0.0689,0.3562,-0.5125
-0.084,-0.167,-0.035,-15.7,42.2,-203.6,0,2018,4,25,20,34,32.681,-0.761,0.0778,0.3482,-0.5417
-0.151,-0.18,-0.038,-10.9,56.8,-204.1,0,2018,4,25,20,34,32.702,-0.7425,0.0844,0.339,-0.5714
-0.169,-0.148,-0.07,-7.2,68.9,-201.4,0,2018,4,25,20,34,32.705,-0.7231,0.0887,0.3285,-0.601
-0.189,-0.129,-0.074,-4.3,75.9,-194.4,0,2018,4,25,20,34,32.744,-0.7032,0.0911,0.317,-0.6298
-0.215,-0.124,-0.075,-4,77.3,-185.2,0,2018,4,25,20,34,32.764,-0.6833,0.0924,0.3049,-0.6569
-0.228,-0.109,-0.088,-5.9,74,-174.2,0,2018,4,25,20,34,32.767,-0.6636,0.0932,0.2927,-0.6819
-0.236,-0.084,-0.116,-8.4,64.8,-161.9,0,2018,4,25,20,34,32.782,-0.6448,0.0943,0.2808,-0.7045
-0.233,-0.07,-0.15,-11.3,52.3,-147.5,0,2018,4,25,20,34,32.803,-0.6269,0.0964,0.2699,-0.7243
-0.224,-0.05,-0.187,-14.5,39.9,-132.3,0,2018,4,25,20,34,32.824,-0.6104,0.0997,0.2602,-0.7413
-0.221,-0.037,-0.225,-17,30.8,-116.8,0,2018,4,25,20,34,32.862,-0.5955,0.1036,0.2517,-0.7557
-0.22,-0.002,-0.253,-18.9,23.1,-101.1,0,2018,4,25,20,34,32.884,-0.5825,0.1082,0.2441,-0.7676
-0.213,0.056,-0.273,-21,15.3,-84.8,0,2018,4,25,20,34,32.888,-0.5713,0.1132,0.2374,-0.7773
-0.203,0.115,-0.29,-23.5,5.1,-67.2,0,2018,4,25,20,34,32.906,-0.5622,0.1184,0.2321,-0.7848
-0.196,0.15,-0.307,-25.1,-7.3,-49.4,0,2018,4,25,20,34,32.94,-0.5553,0.1244,0.2285,-0.7898
-0.185,0.187,-0.328,-23.9,-21.1,-31.6,0,2018,4,25,20,34,32.961,-0.5506,0.1311,0.227,-0.7925
-0.174,0.207,-0.339,-19.8,-32.9,-13.4,0,2018,4,25,20,34,32.968,-0.5479,0.1379,0.2279,-0.7929
-0.169,0.22,-0.325,-13.9,-40.4,4.9,0,2018,4,25,20,34,32.983,-0.5473,0.1442,0.2311,-0.7913
-0.166,0.209,-0.296,-6.3,-42,22.9,1023,2018,4,25,20,34,33.022,-0.5487,0.1492,0.236,-0.7879
-0.184,0.17,-0.235,0.9,-35.3,39.2,1023,2018,4,25,20,34,33.043,-0.5523,0.1523,0.2417,-0.7831
-0.217,0.133,-0.158,5.1,-18.5,53,1023,2018,4,25,20,34,33.047,-0.5579,0.1527,0.2467,-0.7774
-0.221,0.158,-0.138,10.4,-6.5,67.2,1023,2018,4,25,20,34,33.067,-0.5655,0.1502,0.2505,-0.7712
-0.246,0.126,-0.095,17.3,-4.2,80.7,1023,2018,4,25,20,34,33.086,-0.5748,0.1457,0.2542,-0.7639
-0.279,0.076,-0.019,23.9,-7.9,92.8,1023,2018,4,25,20,34,33.126,-0.5854,0.1398,0.259,-0.7553
-0.298,0.047,0.055,31.5,-16,106.9,0,2018,4,25,20,34,33.146,-0.597,0.1331,0.2656,-0.7451
-0.314,-0.022,0.118,43.3,-21.4,128,0,2018,4,25,20,34,33.15,-0.6101,0.125,0.2745,-0.7326
-0.326,-0.087,0.19,60,-22.6,153.1,0,2018,4,25,20,34,33.17,-0.625,0.114,0.2856,-0.7173
-0.304,-0.095,0.217,71.4,-29.2,170.5,0,2018,4,25,20,34,33.19,-0.6414,0.1004,0.2991,-0.6992
-0.244,-0.035,0.185,74.5,-47,175.2,0,2018,4,25,20,34,33.211,-0.6578,0.0867,0.3147,-0.6787
-0.188,-0.02,0.136,70.4,-62.7,170.6,0,2018,4,25,20,34,33.23,-0.6732,0.0752,0.3319,-0.6564
-0.093,-0.022,0.087,62.5,-73.4,155.5,0,2018,4,25,20,34,33.251,-0.6871,0.0654,0.3496,-0.6334
-0.003,-0.038,0.072,55.5,-68,135.8,0,2018,4,25,20,34,33.268,-0.6985,0.0587,0.366,-0.6119
0.027,-0.063,0.056,50.7,-41.8,118.2,0,2018,4,25,20,34,33.288,-0.7078,0.0521,0.3794,-0.5934
0.073,-0.074,0.053,46.7,-3.8,103.2,0,2018,4,25,20,34,33.309,-0.7155,0.043,0.3884,-0.579
0.109,-0.118,0.063,44.5,36.4,93.6,0,2018,4,25,20,34,33.329,-0.7223,0.03,0.3928,-0.5683
0.117,-0.162,0.105,44.1,69.7,90,0,2018,4,25,20,34,33.35,-0.7284,0.0125,0.3934,-0.5606
0.099,-0.236,0.169,43.7,94.3,88.5,0,2018,4,25,20,34,33.37,-0.7341,-0.0084,0.3908,-0.555
0.131,-0.269,0.201,43.5,100.3,84.7,0,2018,4,25,20,34,33.387,-0.7392,-0.0314,0.3866,-0.5504
0.188,-0.284,0.214,44,84.8,76.9,0,2018,4,25,20,34,33.425,-0.7433,-0.0531,0.3827,-0.5459
0.25,-0.299,0.213,44,57.9,64.5,0,2018,4,25,20,34,33.446,-0.7463,-0.0714,0.3809,-0.541
0.311,-0.367,0.207,43.1,33,47.9,0,2018,4,25,20,34,33.45,-0.748,-0.0849,0.3817,-0.536
0.373,-0.414,0.178,43.4,21.3,29.9,0,2018,4,25,20,34,33.469,-0.7483,-0.095,0.3844,-0.532
0.435,-0.436,0.147,44.9,20.3,10.9,0,2018,4,25,20,34,33.489,-0.7469,-0.1028,0.3879,-0.53
0.495,-0.443,0.119,46.8,25.9,-8.8,0,2018,4,25,20,34,33.508,-0.7435,-0.11,0.3917,-0.5306
0.529,-0.454,0.102,48.5,34.9,-30.5,0,2018,4,25,20,34,33.527,-0.7378,-0.1168,0.3954,-0.5343
0.548,-0.461,0.102,49.4,47.2,-52.8,0,2018,4,25,20,34,33.548,-0.7297,-0.1236,0.3986,-0.5415
0.553,-0.461,0.106,50.4,61.5,-76,0,2018,4,25,20,34,33.569,-0.7189,-0.1305,0.401,-0.5525
0.544,-0.461,0.113,51.7,74.8,-98.9,1023,2018,4,25,20,34,33.609,-0.7052,-0.1376,0.4026,-0.567
0.502,-0.489,0.139,53.4,89.2,-122.4,1023,2018,4,25,20,34,33.613,-0.6883,-0.1449,0.4035,-0.5851
0.433,-0.528,0.17,54.4,107.3,-147.4,1023,2018,4,25,20,34,33.629,-0.668,-0.1523,0.4029,-0.6066
0.341,-0.59,0.203,54.9,129.1,-173.3,1023,2018,4,25,20,34,33.669,-0.6437,-0.1604,0.4007,-0.6319
0.236,-0.626,0.198,57.1,151.7,-202.8,1023,2018,4,25,20,34,33.688,-0.6145,-0.1689,0.3962,-0.6608
0.145,-0.618,0.185,61.8,170.1,-231.6,1023,2018,4,25,20,34,33.692,-0.5799,-0.1776,0.3897,-0.6929
0.067,-0.569,0.192,68.7,185.9,-256.5,1023,2018,4,25,20,34,33.713,-0.5397,-0.1862,0.3815,-0.7269
0.003,-0.549,0.181,75.3,203.4,-273.5,0,2018,4,25,20,34,33.73,-0.4941,-0.1955,0.3713,-0.7614
-0.064,-0.595,0.172,82.6,229.5,-284.4,0,2018,4,25,20,34,33.75,-0.4437,-0.2059,0.3579,-0.7953
-0.139,-0.593,0.125,86.9,258.8,-291,0,2018,4,25,20,34,33.788,-0.3885,-0.2182,0.3399,-0.8281
-0.154,-0.446,0.05,86.2,273.8,-288.6,0,2018,4,25,20,34,33.808,-0.3301,-0.2313,0.3171,-0.8584
-0.117,-0.374,0.024,78.1,268.6,-268.4,0,2018,4,25,20,34,33.812,-0.2718,-0.2434,0.2915,-0.8841
-0.034,-0.449,-0.018,67.2,246.9,-242.8,0,2018,4,25,20,34,33.833,-0.2172,-0.2534,0.2653,-0.9045
0.083,-0.485,-0.14,58.4,218.4,-221.6,0,2018,4,25,20,34,33.853,-0.1672,-0.2609,0.2408,-0.9197
0.209,-0.425,-0.238,57.9,201.6,-200.8,0,2018,4,25,20,34,33.873,-0.1212,-0.2671,0.2184,-0.9307
0.268,-0.519,-0.206,58.4,212.3,-178.5,0,2018,4,25,20,34,33.894,-0.0786,-0.2734,0.1949,-0.9386
0.309,-0.657,-0.123,52.5,246.5,-158,0,2018,4,25,20,34,33.931,-0.0381,-0.2796,0.1658,-0.9448
0.29,-0.68,-0.041,38.8,268.9,-136.1,0,2018,4,25,20,34,33.935,0.0001,-0.2843,0.1301,-0.9498
0.256,-0.783,0.023,19.7,254.2,-116.9,0,2018,4,25,20,34,33.953,0.0347,-0.2859,0.0923,-0.9531
0.213,-0.915,0.031,-0.4,214.3,-105.7,0,2018,4,25,20,34,33.973,0.0649,-0.284,0.0588,-0.9548
0.182,-0.949,-0.035,-18.3,176.1,-101.3,0,2018,4,25,20,34,33.993,0.0915,-0.2789,0.0317,-0.9554
0.173,-0.955,-0.108,-33.4,135,-101.2,0,2018,4,25,20,34,34.012,0.1157,-0.2713,0.0112,-0.9554
0.185,-0.926,-0.149,-46.5,94.4,-104.8,0,2018,4,25,20,34,34.033,0.1381,-0.2619,-0.002,-0.9551
0.197,-0.883,-0.159,-57.6,56.7,-108.5,0,2018,4,25,20,34,34.053,0.1593,-0.2514,-0.0081,-0.9546
0.181,-0.86,-0.162,-69,27.5,-110.8,0,2018,4,25,20,34,34.072,0.1794,-0.2398,-0.0083,-0.954
0.131,-0.895,-0.197,-82.4,14.5,-113.2,0,2018,4,25,20,34,34.095,0.1989,-0.2266,-0.0044,-0.9534
0.061,-0.884,-0.276,-93.7,13.5,-117.4,0,2018,4,25,20,34,34.117,0.2186,-0.2114,0.0008,-0.9526
-0.02,-0.881,-0.305,-100.3,7.5,-124.8,0,2018,4,25,20,34,34.132,0.2391,-0.1946,0.0072,-0.9512
-0.142,-0.855,-0.237,-102.6,-5.9,-132.7,0,2018,4,25,20,34,34.169,0.2603,-0.1775,0.0157,-0.9489
-0.27,-0.802,-0.153,-103.4,-23.9,-139.9,0,2018,4,25,20,34,34.187,0.282,-0.1607,0.0271,-0.9454
-0.378,-0.737,-0.118,-105.1,-45,-145.6,0,2018,4,25,20,34,34.192,0.304,-0.1444,0.042,-0.9406
-0.452,-0.638,-0.163,-105.1,-69.1,-151.4,1023,2018,4,25,20,34,34.213,0.326,-0.129,0.0607,-0.9345
-0.489,-0.512,-0.221,-99,-99.4,-156.3,1023,2018,4,25,20,34,34.233,0.348,-0.1153,0.0837,-0.9265
-0.521,-0.435,-0.24,-85.6,-132.9,-161,1023,2018,4,25,20,34,34.272,0.3697,-0.105,0.1114,-0.9164
-0.53,-0.354,-0.253,-64.7,-157.4,-163.7,1023,2018,4,25,20,34,34.293,0.3912,-0.0992,0.1426,-0.9036
-0.531,-0.258,-0.246,-40.4,-167.4,-164.7,1023,2018,4,25,20,34,34.297,0.4127,-0.098,0.1747,-0.8885
-0.529,-0.209,-0.227,-16.5,-160.7,-161.6,1023,2018,4,25,20,34,34.316,0.434,-0.1005,0.205,-0.8714
-0.552,-0.139,-0.184,8.2,-138,-156.4,1023,2018,4,25,20,34,34.337,0.4551,-0.1055,0.2307,-0.8534
-0.555,-0.066,-0.155,30.1,-106.3,-148.9,0,2018,4,25,20,34,34.373,0.4761,-0.1119,0.2498,-0.8356
-0.537,0.042,-0.117,46.5,-78.5,-139.2,0,2018,4,25,20,34,34.394,0.4969,-0.1188,0.2625,-0.8185
-0.487,0.157,-0.123,58.3,-60.9,-125.2,0,2018,4,25,20,34,34.398,0.5166,-0.1261,0.2703,-0.8025
-0.463,0.203,-0.155,71.7,-54.1,-108.3,0,2018,4,25,20,34,34.414,0.5345,-0.1348,0.275,-0.7876
-0.514,0.211,-0.151,90.9,-48.8,-92.7,0,2018,4,25,20,34,34.45,0.5508,-0.146,0.2767,-0.7737
-0.545,0.261,-0.124,108.6,-50.9,-79.1,0,2018,4,25,20,34,34.472,0.5658,-0.16,0.2757,-0.7603
-0.563,0.3,-0.034,121.8,-57.9,-61.5,0,2018,4,25,20,34,34.476,0.579,-0.1774,0.2733,-0.7473
-0.58,0.341,0.117,124.9,-54.5,-38.2,0,2018,4,25,20,34,34.495,0.5895,-0.197,0.2696,-0.7354
-0.549,0.384,0.155,120.3,-47.1,-11.7,0,2018,4,25,20,34,34.515,0.5965,-0.2167,0.2642,-0.7261
-0.503,0.394,0.132,117,-55,13.8,0,2018,4,25,20,34,34.554,0.5997,-0.2369,0.258,-0.7194
-0.455,0.359,0.122,115.8,-69.9,37.2,0,2018,4,25,20,34,34.572,0.5988,-0.2593,0.2525,-0.7143
-0.422,0.333,0.148,112.8,-81.3,57.1,0,2018,4,25,20,34,34.575,0.5942,-0.2836,0.2479,-0.7105
-0.406,0.238,0.258,106.2,-70.9,71.2,0,2018,4,25,20,34,34.613,0.5868,-0.308,0.2429,-0.7083
-0.392,0.252,0.372,95.3,-52.6,79.2,0,2018,4,25,20,34,34.616,0.5783,-0.3299,0.2359,-0.7078
-0.368,0.289,0.427,78.4,-44.7,87.5,0,2018,4,25,20,34,34.634,0.5686,-0.3488,0.2281,-0.7091
-0.347,0.267,0.384,60.5,-44.6,97.1,0,2018,4,25,20,34,34.669,0.557,-0.3653,0.2211,-0.7122
-0.309,0.216,0.366,43.3,-43.1,105.9,0,2018,4,25,20,34,34.691,0.5435,-0.3798,0.215,-0.7169
-0.272,0.161,0.403,26.8,-39.6,115.3,0,2018,4,25,20,34,34.695,0.528,-0.3921,0.2095,-0.7234
-0.301,0.119,0.431,9.8,-32.4,123.9,0,2018,4,25,20,34,34.735,0.5109,-0.402,0.2041,-0.7318
-0.327,0.13,0.4,-7.1,-29.3,132.8,0,2018,4,25,20,34,34.755,0.4923,-0.4093,0.1988,-0.7419
-0.32,0.139,0.308,-21.7,-37.8,143.8,0,2018,4,25,20,34,34.76,0.4713,-0.4148,0.1944,-0.7536
-0.328,0.098,0.209,-30,-52.6,154.1,0,2018,4,25,20,34,34.778,0.4473,-0.4199,0.1917,-0.766
-0.306,0.053,0.133,-32.3,-66.5,160.9,0,2018,4,25,20,34,34.798,0.4204,-0.4255,0.1906,-0.7783
-0.252,-0.003,0.11,-28.6,-72,164.2,1023,2018,4,25,20,34,34.817,0.3918,-0.4316,0.1902,-0.7898
-0.136,-0.061,0.099,-23.5,-68.7,163.2,1023,2018,4,25,20,34,34.836,0.3626,-0.4383,0.189,-0.8003
0.032,-0.089,0.062,-14.7,-53.6,158.3,1023,2018,4,25,20,34,34.856,0.3348,-0.4443,0.1867,-0.8096
0.157,-0.167,0.045,-2.7,-31,150,1023,2018,4,25,20,34,34.877,0.3095,-0.4503,0.1813,-0.8176
0.278,-0.24,0.025,11.5,-6.2,137.1,1023,2018,4,25,20,34,34.896,0.2876,-0.4563,0.1723,-0.8241
0.383,-0.302,0.041,25.2,15.6,119.8,1023,2018,4,25,20,34,34.936,0.2701,-0.4625,0.1603,-0.829
0.452,-0.356,0.068,35.9,33,100.5,1023,2018,4,25,20,34,34.957,0.257,-0.4688,0.1463,-0.8322
0.532,-0.372,0.065,41.8,43.6,81.4,1023,2018,4,25,20,34,34.961,0.248,-0.475,0.1314,-0.8339
0.6,-0.381,0.071,42.9,43.6,63.8,0,2018,4,25,20,34,34.979,0.2422,-0.4809,0.117,-0.8344
0.639,-0.413,0.091,39.7,34,47.5,0,2018,4,25,20,34,35.019,0.2383,-0.4864,0.1049,-0.8339
0.657,-0.454,0.114,33.1,24.8,31.7,0,2018,4,25,20,34,35.039,0.2356,-0.4912,0.0959,-0.833
0.666,-0.506,0.127,24.3,22.1,15.5,0,2018,4,25,20,34,35.043,0.2347,-0.4948,0.0894,-0.8318
0.657,-0.541,0.131,13.7,26.7,-1.4,0,2018,4,25,20,34,35.061,0.2361,-0.4967,0.0845,-0.8308
0.619,-0.553,0.13,1.1,31.7,-20.5,0,2018,4,25,20,34,35.082,0.2404,-0.4963,0.0809,-0.8302
0.581,-0.528,0.124,-10.5,30.7,-40.5,0,2018,4,25,20,34,35.099,0.2476,-0.4938,0.0792,-0.8297
0.532,-0.45,0.122,-19.5,17.3,-60.5,0,2018,4,25,20,34,35.117,0.257,-0.4897,0.0806,-0.8291
0.481,-0.391,0.13,-26.7,-8.8,-79.1,0,2018,4,25,20,34,35.139,0.2671,-0.4851,0.087,-0.828
0.413,-0.372,0.127,-32.1,-28.6,-94.9,0,2018,4,25,20,34,35.179,0.2776,-0.4803,0.0987,-0.826
0.34,-0.417,0.152,-34.6,-40.6,-109.9,0,2018,4,25,20,34,35.181,0.2888,-0.4753,0.114,-0.8231
0.186,-0.559,0.212,-31.5,-35.8,-124.5,0,2018,4,25,20,34,35.198,0.3016,-0.47,0.1312,-0.819
0,-0.62,0.284,-25.3,-11,-141.2,0,2018,4,25,20,34,35.22,0.318,-0.4641,0.1469,-0.8135
-0.156,-0.589,0.337,-25.6,12.9,-159.2,0,2018,4,25,20,34,35.255,0.3388,-0.4563,0.1601,-0.8069
-0.26,-0.568,0.374,-28.5,22.3,-179.3,0,2018,4,25,20,34,35.276,0.3634,-0.4464,0.1725,-0.7992
-0.384,-0.525,0.39,-34.1,15.4,-198.9,0,2018,4,25,20,34,35.28,0.3906,-0.4346,0.1872,-0.7896
-0.523,-0.451,0.37,-39.2,5.8,-216.9,0,2018,4,25,20,34,35.313,0.4184,-0.422,0.2039,-0.7779
-0.546,-0.254,0.265,-45.6,-8.2,-233,0,2018,4,25,20,34,35.333,0.447,-0.408,0.2234,-0.7639
-0.501,-0.088,0.155,-47.6,-28.3,-243.9,0,2018,4,25,20,34,35.337,0.4753,-0.3935,0.2465,-0.7472
-0.544,-0.074,0.139,-45.5,-32.2,-246,0,2018,4,25,20,34,35.374,0.5026,-0.3791,0.2712,-0.7279
-0.625,-0.067,0.144,-42.4,-12.5,-241.4,0,2018,4,25,20,34,35.394,0.5295,-0.3637,0.294,-0.7076
-0.763,-0.054,0.144,-40,24.8,-228.8,1023,2018,4,25,20,34,35.398,0.5564,-0.3455,0.3117,-0.6883
-0.784,0.047,0.076,-39.7,50.7,-212.6,1023,2018,4,25,20,34,35.432,0.5826,-0.3245,0.3238,-0.671
-0.743,0.134,-0.003,-38.2,55.9,-192.8,1023,2018,4,25,20,34,35.453,0.6068,-0.3026,0.3326,-0.6553
-0.71,0.202,0.005,-36.5,40.8,-171.6,1023,2018,4,25,20,34,35.462,0.6277,-0.2825,0.3403,-0.6404
-0.67,0.236,0.025,-36,22.8,-147.5,1023,2018,4,25,20,34,35.498,0.6446,-0.2654,0.3485,-0.6264
-0.628,0.267,0.008,-36.3,11.5,-122.5,0,2018,4,25,20,34,35.518,0.6577,-0.2514,0.357,-0.6137
-0.605,0.263,-0.026,-37.6,11.5,-98.6,0,2018,4,25,20,34,35.522,0.6675,-0.2393,0.3648,-0.6033
-0.594,0.246,-0.04,-40,17.6,-77.5,0,2018,4,25,20,34,35.558,0.6747,-0.228,0.3714,-0.5956
-0.603,0.262,-0.049,-42.9,25.5,-60.5,0,2018,4,25,20,34,35.559,0.6799,-0.2166,0.3768,-0.5905
-0.604,0.306,-0.078,-45.9,28.1,-44.2,0,2018,4,25,20,34,35.578,0.6833,-0.2053,0.3812,-0.5878
-0.609,0.356,-0.114,-49,24.1,-27.3,0,2018,4,25,20,34,35.615,0.6847,-0.1949,0.3854,-0.587
-0.606,0.38,-0.146,-50.6,17.9,-8.3,0,2018,4,25,20,34,35.635,0.6838,-0.1861,0.3898,-0.5879
-0.597,0.389,-0.181,-49.2,14.7,13.7,0,2018,4,25,20,34,35.641,0.6806,-0.1793,0.3941,-0.591
-0.585,0.382,-0.204,-45,16.1,38.3,0,2018,4,25,20,34,35.679,0.675,-0.1744,0.3972,-0.5966
-0.582,0.352,-0.203,-39.4,18.9,65.2,0,2018,4,25,20,34,35.7,0.6671,-0.1715,0.3987,-0.6053
-0.584,0.317,-0.184,-33.3,19.2,93.9,0,2018,4,25,20,34,35.704,0.6566,-0.171,0.3984,-0.617
-0.601,0.269,-0.157,-27.9,16.8,123.5,0,2018,4,25,20,34,35.726,0.6431,-0.1732,0.3966,-0.6316
-0.599,0.237,-0.155,-23.5,6.5,154.7,0,2018,4,25,20,34,35.746,0.6261,-0.1786,0.3938,-0.6487
-0.584,0.159,-0.16,-21.6,-10.9,186.3,0,2018,4,25,20,34,35.761,0.6048,-0.1881,0.391,-0.6677
-0.526,0.039,-0.152,-22,-30.7,214.6,0,2018,4,25,20,34,35.798,0.5787,-0.2014,0.3889,-0.6879
-0.487,-0.1,-0.09,-27.7,-52.9,237.6,0,2018,4,25,20,34,35.817,0.5477,-0.218,0.3882,-0.7082
-0.486,-0.299,-0.032,-40.9,-69.9,253.9,0,2018,4,25,20,34,35.822,0.5119,-0.2362,0.3894,-0.7282
-0.464,-0.499,-0.008,-59,-68.4,267.1,0,2018,4,25,20,34,35.859,0.4717,-0.2538,0.3918,-0.7479
-0.432,-0.575,-0.015,-78.4,-36.6,276.9,0,2018,4,25,20,34,35.88,0.4284,-0.2675,0.3919,-0.7688
-0.402,-0.533,-0.019,-98.6,-2.1,279.6,0,2018,4,25,20,34,35.884,0.3835,-0.2756,0.3874,-0.7917
-0.31,-0.429,-0.048,-115.7,10.1,276.6,0,2018,4,25,20,34,35.922,0.3375,-0.2787,0.3797,-0.8149
-0.237,-0.351,-0.071,-128.8,-5.7,272.2,0,2018,4,25,20,34,35.942,0.29,-0.2787,0.3726,-0.8362
-0.206,-0.311,-0.115,-140.9,-34.4,268.5,0,2018,4,25,20,34,35.947,0.2404,-0.2771,0.3687,-0.854
-0.185,-0.289,-0.191,-153.1,-67.4,262.6,0,2018,4,25,20,34,35.984,0.1884,-0.274,0.3692,-0.8677
-0.152,-0.284,-0.277,-164.9,-94.3,255.2,0,2018,4,25,20,34,35.989,0.1348,-0.2688,0.374,-0.8772
-0.134,-0.314,-0.329,-174.8,-107.7,248.2,1023,2018,4,25,20,34,36.006,0.0801,-0.2611,0.3813,-0.8831
-0.154,-0.371,-0.33,-183.6,-103.1,244.2,1023,2018,4,25,20,34,36.024,0.0251,-0.2509,0.3884,-0.8863
-0.24,-0.373,-0.318,-189.7,-87.7,243.8,1023,2018,4,25,20,34,36.063,-0.0294,-0.2385,0.3927,-0.8876
-0.308,-0.31,-0.356,-190.8,-77.8,244.9,1023,2018,4,25,20,34,36.084,-0.0838,-0.2249,0.3933,-0.8874
-0.32,-0.235,-0.402,-186.4,-86.8,242.8,1023,2018,4,25,20,34,36.089,-0.1376,-0.2108,0.3929,-0.8844
-0.297,-0.177,-0.427,-177.8,-111.3,239.3,1023,2018,4,25,20,34,36.107,-0.1907,-0.1965,0.3943,-0.8771
-0.275,-0.169,-0.423,-166.8,-134.5,234.8,1023,2018,4,25,20,34,36.126,-0.2426,-0.1821,0.399,-0.8652
-0.239,-0.216,-0.409,-155.2,-142.6,228.8,0,2018,4,25,20,34,36.146,-0.2928,-0.1678,0.4054,-0.8495
-0.187,-0.228,-0.408,-141.7,-139.7,222.1,0,2018,4,25,20,34,36.182,-0.3402,-0.1545,0.4118,-0.831
-0.11,-0.225,-0.411,-125.7,-132,216.3,0,2018,4,25,20,34,36.201,-0.3846,-0.1428,0.4174,-0.8108
-0.041,-0.271,-0.359,-109.4,-122.4,209.8,0,2018,4,25,20,34,36.206,-0.4257,-0.1333,0.4219,-0.7892
0.018,-0.29,-0.303,-94.5,-113.4,203.9,0,2018,4,25,20,34,36.247,-0.4637,-0.1258,0.4255,-0.7668
0.038,-0.34,-0.267,-80.5,-105.9,198.9,0,2018,4,25,20,34,36.251,-0.4989,-0.1203,0.4284,-0.7435
0.073,-0.361,-0.242,-66,-98,193.3,0,2018,4,25,20,34,36.267,-0.5314,-0.1167,0.4308,-0.7198
0.137,-0.368,-0.226,-52,-97.5,185.7,0,2018,4,25,20,34,36.286,-0.5611,-0.1147,0.4336,-0.6956
0.237,-0.393,-0.197,-36.6,-100.8,176.4,0,2018,4,25,20,34,36.325,-0.5877,-0.1137,0.4377,-0.6708
0.33,-0.447,-0.121,-20.2,-99.9,167.8,0,2018,4,25,20,34,36.345,-0.6115,-0.1131,0.4431,-0.6456
0.385,-0.551,-0.026,-4.4,-83,157.6,0,2018,4,25,20,34,36.349,-0.6323,-0.1144,0.4488,-0.6209
0.395,-0.609,0.06,9,-55,141.7,0,2018,4,25,20,34,36.369,-0.6492,-0.1192,0.4535,-0.5987
0.412,-0.522,0.129,18.3,-40.7,118,0,2018,4,25,20,34,36.389,-0.6623,-0.1259,0.457,-0.58
0.468,-0.438,0.121,28.1,-49.5,98,0,2018,4,25,20,34,36.408,-0.672,-0.1318,0.462,-0.5634
0.438,-0.39,0.228,29.5,-63.7,78.4,0,2018,4,25,20,34,36.448,-0.6791,-0.1358,0.4691,-0.5478
0.43,-0.47,0.342,21.2,-81.8,60,0,2018,4,25,20,34,36.452,-0.6851,-0.1352,0.4778,-0.5328
0.43,-0.468,0.397,6.8,-81.2,42.8,0,2018,4,25,20,34,36.466,-0.6905,-0.1309,0.4858,-0.5195
0.419,-0.419,0.42,-10.2,-74.9,27.8,0,2018,4,25,20,34,36.488,-0.6956,-0.1242,0.4918,-0.5086
0.368,-0.395,0.402,-27.6,-64.1,12.1,0,2018,4,25,20,34,36.507,-0.7004,-0.1159,0.4952,-0.5006
0.354,-0.351,0.375,-42.9,-52.3,-5.2,0,2018,4,25,20,34,36.528,-0.7048,-0.106,0.4958,-0.4959
0.328,-0.271,0.354,-56.2,-52.2,-21.7,0,2018,4,25,20,34,36.566,-0.7088,-0.0944,0.4944,-0.4941
0.338,-0.21,0.283,-66.6,-62.3,-38.1,0,2018,4,25,20,34,36.587,-0.7123,-0.0794,0.4922,-0.4939
0.344,-0.197,0.2,-74.1,-69.5,-52.8,0,2018,4,25,20,34,36.591,-0.7152,-0.0613,0.4897,-0.4947
0.332,-0.203,0.145,-78,-67.7,-68.2,1023,2018,4,25,20,34,36.609,-0.717,-0.0408,0.4868,-0.4971
0.303,-0.225,0.127,-78.2,-55.9,-81.8,1023,2018,4,25,20,34,36.629,-0.7173,-0.02,0.4828,-0.5017
0.243,-0.248,0.108,-76.5,-41.3,-93.2,1023,2018,4,25,20,34,36.648,-0.716,0,0.4777,-0.5088
0.165,-0.278,0.128,-73.8,-29,-103,1023,2018,4,25,20,34,36.67,-0.7134,0.0192,0.4712,-0.5182
0.084,-0.295,0.149,-70.4,-30.2,-112.2,1023,2018,4,25,20,34,36.686,-0.7092,0.038,0.4643,-0.5289
0.013,-0.286,0.148,-66.8,-48.8,-121.4,1023,2018,4,25,20,34,36.726,-0.7035,0.0586,0.4586,-0.5396
-0.032,-0.267,0.121,-61.8,-69.9,-129.2,1023,2018,4,25,20,34,36.744,-0.6958,0.082,0.4551,-0.5494
-0.065,-0.274,0.083,-55.3,-79,-134.2,1023,2018,4,25,20,34,36.749,-0.686,0.1081,0.4533,-0.5585
-0.105,-0.282,0.059,-49.6,-72.5,-138,1023,2018,4,25,20,34,36.786,-0.6746,0.1338,0.4525,-0.5675
-0.13,-0.246,0.034,-44.1,-58.2,-139.3,1023,2018,4,25,20,34,36.804,-0.6623,0.1574,0.4507,-0.5772
-0.151,-0.192,0.01,-38.5,-59,-139.9,0,2018,4,25,20,34,36.808,-0.6493,0.179,0.4488,-0.5871
-0.149,-0.138,0.002,-31.6,-70.8,-138.6,0,2018,4,25,20,34,36.848,-0.6354,0.2004,0.448,-0.596
-0.153,-0.13,-0.021,-26.6,-78.5,-136.7,0,2018,4,25,20,34,36.868,-0.6203,0.2222,0.4484,-0.6039
-0.143,-0.144,-0.066,-23.6,-60.4,-134.1,0,2018,4,25,20,34,36.874,-0.6049,0.2429,0.4481,-0.6117
-0.146,-0.133,-0.117,-22.3,-19.6,-131.5,0,2018,4,25,20,34,36.892,-0.5905,0.2595,0.4445,-0.6214
-0.135,-0.044,-0.154,-22,17.4,-127.2,0,2018,4,25,20,34,36.93,-0.5781,0.2716,0.4362,-0.6337
-0.118,0.085,-0.156,-22.4,30.8,-119.3,0,2018,4,25,20,34,36.95,-0.5672,0.2806,0.4251,-0.647
-0.101,0.178,-0.171,-23.2,23.3,-108,0,2018,4,25,20,34,36.954,-0.5573,0.2888,0.4141,-0.659
-0.093,0.21,-0.185,-23.1,9.6,-94.8,0,2018,4,25,20,34,36.97,-0.5481,0.2973,0.4047,-0.6688
-0.08,0.204,-0.199,-21.5,4.1,-80.4,0,2018,4,25,20,34,36.989,-0.5397,0.3055,0.3972,-0.6763
-0.087,0.232,-0.223,-19.1,5.6,-65.8,0,2018,4,25,20,34,37.025,-0.5327,0.3127,0.3907,-0.6823
